36
0 343
3951 53602 28809 53941 48814 45358 11007 80118 28604 15755 35444 87833 25170 65211 1177 62860 35319 27615 84835 59278 42434 89805 70381 81264 86920 60041 20380 71381 54810 84637 5683 94267 72715 4731 6973 86242 65856 77669 89610 11917 3313 34608 46257 30475 91648 17983 39752 99650 80160 75458 54534 84991 34505 18369 83832 65316 35983 3342 95567 38494 34541 20438 67555 99630 93817 96897 8024 28322 79283 71846 45572 42800 83261 99567 19369 48946 59126 29655 14769 10284 52090 59703 54633 6093 96284 20886 40455 85982 8930 86227 52050 13782 52583 21671 71589 35512 37925 6600 62436 80909 1734 88953 45680 2500 93078 64658 37116 74985 41060 93968 74784 35661 41289 37567 87332 693 77763 67516 38069 23954 42126 89917 9027 50317 93442 30262 73467 50872 42332 6580 44616 32366 69055 42557 7292 50047 85336 12286 23462 42234 5610 92963 97495 26528 986 71630 38677 31633 22510 7180 76197 36490 39635 81797 13975 50625 12749 55326 30407 52906 86342 89497 63263 22580 51722 4290 39496 34373 72752 2885 82252 14100 56286 24972 38183 35197 40929 4476 80354 18709 12261 28683 62989 8602 50592 76166 44402 83834 43162 45410 80191 8351 32237 7072 43658 56984 27656 39973 92380 25592 44167 386 3066 40061 38880 67463 29026 29259 19265 63214 74214 50618 70371 52465 97566 25685 63100 66827 9591 30623 92730 44902 85368 36651 52440 98726 2797 1970 54664 91345 48125 4213 27863 25355 43297 47044 80092 42729 2407 60979 82801 9441 55913 58636 2926 5325 34352 33315 71126 37903 75179 43074 10108 86636 22260 30769 92397 77738 75985 45717 62548 96727 41469 593 47842 67732 73947 2846 50523 18877 23922 38182 74650 96360 80650 74370 53706 39492 73153 83655 26092 83315 18088 94965 7563 17880 32267 4374 37367 29628 56271 6970 11006 84948 9069 17643 86413 61524 4328 8674 89603 71844 80636 85867 90797 85809 41328 85925 35107 96613 85964 71970 98633 32003 60944 73775 49538 27998 41071 22599 27933 46583 7481 79315 81433 91865 4113 65959 50394 77895 49247 39198 78361 31819 79038 24867 58955 9857 64691 64075 37940 31470 31074 
1 190
93871 52013 89128 58707 61705 63867 79187 55396 96254 21461 34941 61664 52096 30457 92344 14717 35066 38232 78346 75524 7024 90423 49568 35533 832 10632 70767 84236 78336 91067 88218 52395 68786 23403 37057 42548 34306 15573 77787 97712 10452 3018 76944 13872 75605 87615 23237 71981 32625 92801 19789 28205 57528 23440 6613 35798 87732 31608 63095 24778 75417 7488 42773 47595 85784 73594 62250 25098 86855 86247 98332 23195 19217 65744 60337 52947 28005 19598 35715 66257 63727 8155 37538 16133 26773 80360 90446 69916 78575 49449 87307 99992 7408 65951 10503 95719 83903 82272 86948 24029 92035 1635 24512 90038 64513 88578 54665 33270 41761 87749 79850 74637 31711 62374 60042 13998 34274 5193 19284 5001 11646 91868 60341 98256 67569 85084 61581 15231 24503 10824 59756 52943 30413 91338 23528 45196 30904 42330 41451 98736 62700 15067 23162 5029 16012 58385 71704 88927 27505 1143 73040 99897 98219 67861 22281 9310 31484 21107 48266 43963 57306 57438 96227 10004 74509 42013 13488 29694 42666 76801 27478 49920 74301 39012 60662 83730 56547 48013 35534 6634 72367 13602 57632 22257 16552 99581 59588 51880 57996 9748 
2 41
4967 31577 20417 33458 94531 25309 28336 81648 18725 14231 56751 40238 91892 46105 92753 80121 75008 61729 3694 15822 22850 37448 57618 990 94927 80013 29076 15378 47713 28678 9816 32282 21110 63065 7988 18731 20070 73076 94929 4797 64189 
3 179
95207 42871 97814 54174 43225 16003 75469 58029 83803 21553 3441 14297 58353 18435 57108 10918 93333 57479 83466 66113 68437 80494 54841 70555 48486 42128 81702 36759 36400 67278 27695 59104 21200 18151 84615 44377 73624 82935 35886 65786 52580 99447 64947 80309 99468 50847 59966 89308 63000 56357 59357 11266 37342 89820 39257 17159 97028 29482 99106 71812 91331 81346 46044 30058 39828 58013 40669 49288 31286 52245 47794 3433 16930 57446 31385 23645 62652 53009 99576 58135 58996 2672 8942 96556 61546 62252 82055 60957 34005 94767 36317 35404 3182 96173 33433 82950 67101 72141 46892 49109 87863 77965 16606 39783 32724 81436 90944 53807 15600 53186 89708 99439 91140 60005 40647 39813 58824 46022 12313 15783 14165 58173 22092 33851 90174 8265 18150 26969 67221 46298 2044 53018 10564 37300 4680 44217 72235 44756 86548 92469 23114 52652 39655 12927 54311 10713 97069 78340 47721 50474 47098 72246 12452 83251 80930 37991 29278 70219 86353 4901 14314 75468 80466 64046 86070 76760 6839 54605 13093 62796 42482 52823 44635 98197 94287 91679 73607 56487 70134 
4 178
14716 80830 81122 29599 14304 51836 60058 50258 87330 38590 10566 10378 66572 77231 93704 99850 22452 47642 20618 25789 74405 12769 45667 45298 63122 23155 2463 64104 47828 62125 6885 31696 70830 798 9276 22464 35998 46852 10649 54536 11444 57020 70126 31583 25886 28646 13459 97178 23637 54036 88317 18401 26391 59690 99684 74155 99188 40849 81065 35017 53009 83249 40721 94789 78140 20872 44206 42857 13949 14317 21127 34571 10722 28776 82428 69785 49423 60389 78370 79514 19523 75278 45270 4502 6229 10958 60691 36513 76326 60243 90964 26777 89579 72571 23982 98807 79448 46124 29237 33439 83815 48298 72166 63942 22547 63354 35357 12738 74548 42828 53674 91180 63539 64364 2537 99766 67907 17525 59459 60967 7824 57862 15220 37790 82523 8254 52775 92762 8822 39300 67829 71074 29095 32918 57641 95670 17981 50355 31966 99251 67576 51254 76762 84368 32193 96005 65420 90954 98057 3510 10133 52890 44085 500 81835 61781 61491 60952 18929 86652 42005 9214 34882 65444 55115 18817 70629 20595 87841 57089 8963 8058 48250 67940 75201 92524 55431 10270 
5 168
77091 21103 38077 2438 40260 24862 60212 22609 63062 65616 91065 24656 53033 98439 51534 66802 89836 12689 89563 24126 34176 946 60960 45273 507 99343 5155 84843 50987 43136 48386 45218 66295 35349 55727 44447 1151 63060 63209 31331 58082 98733 77979 28399 89397 88535 45137 58087 24906 32279 99423 50505 97851 12594 30427 8369 3926 87182 62827 85840 58285 37178 13035 92518 49597 97144 78509 61769 36496 52534 40395 19965 67607 67591 93154 40476 27074 61989 67882 63095 15209 46051 98381 5302 2041 37686 84668 35008 65792 48250 58914 4830 28799 75696 45691 15140 66601 79058 3940 74693 37217 16934 2569 23530 85659 47342 71722 78892 24018 78215 64685 74167 9964 20225 55119 44977 61703 50788 41400 27963 42461 72911 5283 29451 92727 8401 5022 81781 6764 18230 30326 12468 88568 1555 90347 61437 43825 40488 56891 43433 34043 10897 14937 56438 8797 1120 7243 17734 1716 52335 42071 78864 24058 4878 71434 33414 65479 70753 82939 49052 35796 70653 64565 33777 38542 44826 40240 73482 
6 160
90772 80328 31318 45165 34230 70121 86454 54681 13776 13179 96654 39414 51851 83620 49272 1512 67278 23172 59098 1314 66587 30435 53236 51029 58148 92291 43681 66305 29534 24126 44055 36822 59349 17066 34106 72115 14734 19403 1972 92957 57203 33047 73384 61761 93070 25892 75999 60754 92829 82117 97551 25845 13965 81494 55748 39759 28836 66046 8840 36648 58551 75874 52344 54052 17370 56340 40647 52672 19913 50266 88097 63824 3475 82665 47441 55803 49378 13607 71020 61010 1202 63691 65382 83437 85864 26361 68811 89658 14000 16390 92762 91321 81603 51790 87458 33360 8417 93535 39325 82237 13692 2746 67576 94432 21394 549 38100 86332 1246 4349 67461 49718 93799 50881 99857 53700 24858 95094 20519 14510 13812 77682 46414 36480 61131 2619 53392 52798 82917 98823 67262 38706 50711 59070 27187 12574 40293 10714 15825 63615 27357 36020 91430 49857 68744 22808 73662 34345 76920 22232 92884 78215 59067 40306 71954 82612 3455 49436 61868 96889 
7 157
33118 95150 31801 45936 98533 77021 88170 13721 89820 20035 33086 51537 49559 73285 72984 70343 42857 55610 90320 78238 80107 92979 5438 71728 30436 20 70857 47178 70769 71328 55495 15829 96980 45381 48248 49231 12230 87916 18730 3684 64488 21637 11578 31007 92753 83059 11803 15406 2595 88716 23873 598 4625 71137 75210 23689 95126 10684 80522 99380 14661 11081 14575 86948 95139 28078 40956 55805 95133 53956 91396 43898 92566 14906 95101 35358 49120 41423 78467 36827 65072 34995 15797 83629 92947 51594 41371 7276 50642 80887 67583 911 74304 81962 4178 24954 69333 47904 5948 75688 57120 79896 65487 38237 8404 70880 43103 44113 79108 89295 80513 6381 37174 23995 37375 7992 82338 61185 98510 41620 22124 66005 97823 24103 70050 74027 4759 28118 47706 51238 23266 53235 38007 73471 24486 10810 99321 18983 56089 26576 56231 65095 96985 58708 95025 21067 82477 819 68528 45419 96460 25556 53571 56691 44752 57380 67809 
8 149
8910 39123 81498 83340 80723 98639 36263 27148 54977 95679 68750 95311 1787 32146 94549 26499 84529 19465 29457 82842 9157 49133 63072 15766 71153 78220 41030 42769 59433 68293 80118 45945 37171 79418 52227 76554 7774 64473 19651 73556 9358 3693 86758 10745 65890 39985 79125 62365 73624 49127 3046 17757 62671 62813 94495 55297 54447 31115 10885 86507 16081 24654 80408 82835 14503 60885 21782 24328 98198 59667 26497 70032 46785 49622 72437 23957 40713 28406 78801 44877 97756 71694 39637 91434 96462 12540 55920 60041 51206 79998 89828 76938 9192 53897 7121 27513 31970 34812 47436 10632 80252 39495 687 67581 11034 53001 46605 81013 94807 20778 76266 40848 10019 75049 51380 66380 48529 67853 21350 62654 67394 61053 66863 16805 25518 43883 65109 2742 37185 3894 56358 2026 15956 69799 91531 5972 44366 71454 35713 49375 77929 11084 90853 82245 62861 80011 54548 70189 69739 
9 120
49918 51333 61072 62101 71596 37384 70758 96945 2637 43622 56859 73792 37591 49508 14719 77792 36079 79091 22072 774 440 63906 59200 79768 72000 30912 35210 16908 86349 48946 60314 84516 27652 97043 43302 63129 36130 98835 18195 37575 14030 29982 61494 55213 20547 26265 15266 87159 97122 87391 82165 72772 56462 74078 85995 10018 60031 13669 21253 56608 77799 54739 18740 64720 73889 94373 57306 11281 87693 27808 85344 91316 34020 85627 85594 5702 51351 93949 87781 82632 24507 57664 34328 27951 15585 31675 60835 94359 61098 53130 75089 94579 33749 93890 67454 34593 85938 92324 23941 39295 75633 48135 15223 11567 80867 89933 1156 2951 28593 21228 41680 75525 34007 48318 23910 64922 26493 52267 19615 21884 
10 922
88451 45531 576 6100 51502 42416 31021 85654 87189 96370 8427 43686 28920 46376 15481 61714 89312 84146 40921 42793 78267 76430 15393 54106 25116 84316 60920 25262 85747 95583 30029 34993 40416 44857 69427 28921 12367 86896 74541 59708 39311 95392 79388 17202 16027 70381 57697 36378 50032 85304 30551 57287 99763 25617 58766 20333 39921 38181 20422 10167 73988 39327 11034 72441 24407 73101 83449 85242 14911 34244 12571 9087 5675 999 85606 30867 56470 84300 47077 725 64399 45269 62063 86294 81938 43237 55627 34299 20172 68921 30388 50120 6133 95195 78903 28204 15233 46942 93513 48460 10828 64589 34944 78842 37307 13326 18732 54338 93641 56941 87352 74469 45226 46615 25459 13134 30056 92120 7318 47710 22566 77920 31669 55825 24098 15000 93354 12129 12953 73676 45988 71504 40126 42445 76808 15043 26365 37181 36391 4615 69080 79570 14129 77717 69463 45235 42668 6953 31350 30612 90969 78594 49479 20323 74119 82184 4741 7745 48598 26319 86156 84242 9735 76568 86370 46702 6520 81383 40324 62015 70825 9156 2296 22431 168 59091 31629 3972 22745 33057 67412 49365 36546 18345 21832 40743 72225 27716 16703 30688 36403 86880 5693 59587 32740 74115 53072 27121 31546 60939 77223 89342 43302 99956 22742 9363 37524 79926 93457 82970 46711 39219 25963 37446 29249 9989 70303 89592 65059 15159 82662 18290 39445 63480 36905 72644 97309 67606 74933 57983 77069 44294 23646 6244 67417 88671 18079 47565 41449 47856 15703 7905 62351 95880 80657 38095 83125 29379 9504 4257 12068 50442 50281 17268 7708 1120 91079 27934 47629 17359 79211 79827 36650 19831 23021 14238 79850 50437 12427 90872 74720 23505 88118 30884 95090 88451 45531 576 6100 51502 42416 31021 85654 87189 96370 8427 43686 28920 46376 15481 61714 89312 84146 40921 42793 78267 76430 15393 54106 25116 84316 60920 25262 85747 95583 30029 34993 40416 44857 69427 28921 12367 86896 74541 59708 39311 95392 79388 17202 16027 70381 57697 36378 50032 85304 30551 57287 99763 25617 58766 20333 39921 38181 20422 10167 73988 39327 11034 72441 24407 73101 83449 85242 14911 34244 12571 9087 5675 999 85606 30867 56470 84300 47077 725 64399 45269 62063 86294 81938 43237 55627 34299 20172 68921 30388 50120 6133 95195 78903 28204 15233 46942 93513 48460 10828 64589 34944 78842 37307 13326 18732 54338 93641 56941 87352 74469 45226 46615 25459 13134 30056 92120 7318 47710 22566 77920 31669 55825 24098 15000 93354 12129 12953 73676 45988 71504 40126 42445 76808 15043 26365 37181 36391 4615 69080 79570 14129 77717 69463 45235 42668 6953 31350 30612 90969 78594 49479 20323 74119 82184 4741 7745 48598 26319 86156 84242 9735 76568 86370 46702 6520 81383 40324 62015 70825 9156 2296 22431 168 59091 31629 3972 22745 33057 67412 49365 36546 18345 21832 40743 72225 27716 16703 30688 36403 86880 5693 59587 32740 74115 53072 27121 31546 60939 77223 89342 43302 99956 22742 9363 37524 79926 93457 82970 46711 39219 25963 37446 29249 9989 70303 89592 65059 15159 82662 18290 39445 63480 36905 72644 97309 67606 74933 57983 77069 44294 23646 6244 67417 88671 18079 47565 41449 47856 15703 7905 62351 95880 80657 38095 83125 29379 9504 4257 12068 50442 50281 17268 7708 1120 91079 27934 47629 17359 79211 79827 36650 19831 23021 14238 79850 50437 12427 90872 74720 23505 88118 30884 95090 46271 23547 11783 1352 64565 77921 10798 56866 44835 57206 56315 58594 46187 82781 42147 72858 12760 60074 32461 35897 54599 54473 88287 4383 60676 34881 2863 56173 13511 27181 79092 93106 97338 86369 21703 11453 91913 24503 73539 15643 85565 17005 29300 38382 73107 36277 30765 31377 34690 75401 36057 78602 45196 53758 51570 14066 25795 74277 67496 24429 78374 81233 82823 47643 94059 42763 24338 96930 67275 37659 88411 15394 59840 59914 55751 81116 37485 66099 20633 21920 75121 99291 55333 45 91326 34966 66147 578 12693 15283 24233 3424 70815 68241 16674 28429 35947 63490 3185 73838 24704 77565 49460 25194 95539 8185 93608 9817 79685 3096 30987 78926 63520 62076 67260 44113 36789 71467 79171 44355 54616 77415 5625 28298 69956 69342 41947 63474 60701 10138 95868 60645 44245 84971 11761 84977 43383 32141 7636 1812 29734 14521 73236 53740 58833 18833 10997 89392 77675 44803 85971 61731 32641 20457 95985 86165 11265 35242 89175 21083 1791 14277 35527 93611 19504 6760 70509 89993 86277 48941 97579 25782 77349 62708 4906 87413 24314 86457 9327 50759 59430 78656 36068 5323 65704 21686 35937 18819 90343 95851 15251 93162 87711 90346 26732 56598 21698 49270 56982 30261 56323 3501 74036 22591 88031 54301 64318 95236 53096 50191 52874 81204 76284 31674 73426 73155 11890 52976 58581 49775 25905 40175 85056 41883 35421 22616 4885 99978 95900 59787 41132 4319 60188 2386 75608 64425 2560 66271 39951 2163 55600 95714 5672 53479 69682 2479 67746 77331 68089 77677 33061 13819 38326 85708 2141 39491 78809 61662 59671 6023 42803 87258 50328 78016 18027 30366 82299 84675 20330 61610 47663 5869 96046 46601 77984 12665 83997 295 54914 1156 75381 4788 92159 27602 66852 87535 9839 71064 95592 69813 98079 27499 50703 41741 59516 24603 43635 65552 20062 80465 75371 25871 45541 97172 2912 11785 8567 32250 50777 22871 22599 31081 76535 31076 6276 21652 8809 98282 87125 91823 10464 8978 9377 2852 32681 7968 83778 35616 17038 11758 17396 27650 75661 10292 14460 32917 30060 80202 68625 23003 57229 14321 18657 84298 59361 62848 25596 30304 34368 20166 96873 37929 82013 96730 21829 13383 94438 4487 14936 68252 87520 5078 58220 38851 72778 99436 81003 30956 82922 3308 99365 94605 
11 132
71817 45863 89912 9292 55622 94540 9447 14221 16192 74610 54478 30135 65337 50268 68135 77427 53447 34797 65205 39381 70550 33656 26035 39321 51947 62738 12830 32896 95002 91163 55550 42114 43021 95909 93060 22172 95370 86896 22592 57442 66759 95954 76203 99116 2668 89340 94426 33356 20716 42869 3496 31130 88079 71473 73792 60070 65300 4961 96556 4757 671 42214 3349 80034 59254 53399 57529 7123 53468 6727 88218 4431 6229 66501 18989 1913 25518 769 23275 87287 68595 71649 17998 19812 21297 31685 76713 48350 2758 82202 8180 50247 42196 29596 1432 26742 36667 64604 68927 76471 54030 74430 50940 98677 13610 85458 8405 80329 99272 19205 27987 18772 53751 87112 59377 30217 50145 43000 37238 19985 4629 40650 80700 84939 49619 24778 15532 8927 84251 8146 87124 61189 
12 123
98295 43202 68806 96092 29785 35398 59710 46326 13317 45358 24411 37143 93190 91612 65567 55531 72475 55510 25312 16569 96508 25170 22798 3893 12653 94042 50634 58245 29943 29552 27344 68736 20543 59281 53885 49524 22382 75669 9369 42730 27406 2637 60974 35270 76646 59751 60041 88178 60605 1400 54303 15632 86664 8238 52983 7790 44570 96136 83841 85490 82594 64977 99070 21700 32724 50948 34953 59422 17505 67208 52216 18501 20919 857 46482 74040 78329 39015 35323 66663 19602 22637 94665 78145 29237 12610 78925 85531 18702 81461 4059 51197 4160 56179 80151 18965 42185 11935 53167 26002 92619 42154 80052 33262 2587 13735 45311 18915 13553 11491 80094 1596 78719 35850 14563 88541 23190 49147 90696 86086 6677 21825 36347 
13 1
27540 
14 1204
1968 2938 51502 58155 98414 92468 19019 43543 9458 24625 73444 55925 43779 74619 12177 49576 41030 97696 26927 95454 95458 63256 49379 23758 84153 72065 18069 78629 34797 47959 72217 42288 16841 32644 22302 7921 18857 20268 87879 1932 65062 81179 94230 21286 11990 73009 75463 91814 23233 54065 90399 86532 2625 9684 90912 10910 61447 71146 75088 35580 87647 75947 42697 83438 5453 31658 85107 44847 81065 74402 7329 70565 48305 51709 19350 91467 17597 79791 47396 8324 10111 76609 4142 21066 7494 68409 16805 56470 60846 88025 94606 62804 46011 75879 41422 27805 28950 62979 91649 87652 74436 3085 1920 66087 42305 57773 67927 46980 14198 46386 14861 8134 51080 76451 80308 28025 33114 665 30438 94416 18012 47721 91002 94599 83585 1643 11120 7382 11408 88598 93754 84742 75711 76897 92255 932 18161 21603 23312 87911 13862 95501 29953 89729 27838 69955 82916 48561 75399 36494 47453 6875 3345 14234 75207 82445 53654 83139 3531 47240 61989 20885 23769 43370 61250 69252 31206 73800 12209 95085 81158 18881 46881 84768 84072 3514 6060 85613 97984 2636 43241 79283 92913 64971 21768 67345 19024 96464 41117 83430 53499 10857 83418 5231 63230 77024 17743 31409 50766 2363 37632 34426 55883 34089 60998 16565 63629 88311 11674 81800 6108 3112 57127 85436 17850 78510 31162 26530 93413 47387 97442 26073 55382 12848 56561 94046 71783 73513 32304 10407 41233 1968 2938 51502 58155 98414 92468 19019 43543 9458 24625 73444 55925 43779 74619 12177 49576 41030 97696 26927 95454 95458 63256 49379 23758 84153 72065 18069 78629 34797 47959 72217 42288 16841 32644 22302 7921 18857 20268 87879 1932 65062 81179 94230 21286 11990 73009 75463 91814 23233 54065 90399 86532 2625 9684 90912 10910 61447 71146 75088 35580 87647 75947 42697 83438 5453 31658 85107 44847 81065 74402 7329 70565 48305 51709 19350 91467 17597 79791 47396 8324 10111 76609 4142 21066 7494 68409 16805 56470 60846 88025 94606 62804 46011 75879 41422 27805 28950 62979 91649 87652 74436 3085 1920 66087 42305 57773 67927 46980 14198 46386 14861 8134 51080 76451 80308 28025 33114 665 30438 94416 18012 47721 91002 94599 83585 1643 11120 7382 11408 88598 93754 84742 75711 76897 92255 932 18161 21603 1968 2938 51502 58155 98414 92468 19019 43543 9458 24625 73444 55925 43779 74619 12177 49576 41030 97696 26927 95454 95458 63256 49379 23758 84153 72065 18069 78629 34797 47959 72217 42288 16841 32644 22302 7921 18857 20268 87879 1932 65062 81179 94230 21286 11990 73009 75463 91814 23233 54065 90399 86532 2625 9684 90912 10910 61447 71146 75088 35580 87647 75947 42697 83438 5453 31658 85107 44847 81065 74402 7329 70565 48305 51709 19350 91467 17597 79791 47396 8324 10111 76609 4142 21066 7494 68409 16805 56470 60846 88025 94606 62804 46011 75879 41422 27805 28950 62979 91649 87652 74436 3085 1920 66087 42305 57773 67927 46980 14198 46386 14861 8134 51080 76451 80308 28025 33114 665 30438 94416 18012 47721 91002 94599 83585 1643 11120 7382 11408 88598 93754 84742 75711 76897 92255 932 18161 21603 23312 87911 13862 95501 29953 89729 27838 69955 82916 48561 75399 36494 47453 6875 3345 14234 75207 82445 53654 83139 3531 47240 61989 20885 23769 43370 61250 69252 31206 73800 12209 95085 81158 18881 46881 84768 84072 3514 6060 85613 97984 2636 43241 79283 92913 64971 21768 67345 19024 96464 41117 83430 53499 10857 83418 5231 63230 77024 17743 31409 50766 2363 37632 34426 55883 34089 60998 16565 63629 88311 11674 81800 6108 3112 57127 85436 17850 78510 31162 26530 93413 47387 97442 26073 55382 12848 56561 94046 71783 73513 32304 10407 41233 11247 71722 54285 6243 42097 69919 62190 39065 9596 91508 90441 94822 77838 22231 33305 5417 54578 7269 32396 80380 48564 36710 98911 54762 47280 74532 12517 37925 26865 80469 5601 64719 85983 4707 3835 18462 28804 34011 30360 89090 68440 70194 74694 31555 50189 1987 36066 41946 58331 37960 16149 76371 98466 52197 91003 16881 56207 746 74785 5219 82653 59559 21383 71155 93728 13167 7431 6390 95669 29266 65519 77683 98994 23810 5053 64741 59028 83481 82290 98280 28734 55805 99127 61163 61263 4548 15094 49327 76221 8215 87853 58053 14154 29672 57497 33835 56378 12174 5889 76627 49314 28856 16560 34359 44853 3322 1158 35799 49085 93463 33588 43360 5626 15631 23891 80634 899 94424 38662 18909 31906 42180 81772 98437 14620 18808 94927 74696 77961 7851 49818 42047 84013 82977 81574 94868 60798 58369 78519 87155 24996 9503 94086 78039 37618 30268 35789 23158 6141 73861 4596 51161 26901 51240 78184 35480 15551 57606 50879 93295 88799 8140 59224 9050 27666 80282 83176 55056 84722 22361 68601 94904 38037 72828 94987 68253 41865 30811 81969 80802 48767 23642 79529 54917 6251 87142 33254 18687 25528 15289 31059 79319 33527 62819 3210 31626 15422 55740 18503 55655 99615 72610 74182 93320 93886 90068 97407 1121 92125 60354 79299 61624 73774 31886 29110 76281 50361 53927 85469 76421 91701 4005 47045 50809 38318 70004 20056 60542 11839 28429 85216 35530 64226 26848 17778 61459 61970 23976 64109 52279 65654 95545 21936 13936 14042 55190 76907 88282 84182 75477 80442 14664 80876 93818 50183 92294 69470 5872 33180 37348 52537 14822 58911 36998 45678 53873 65273 89683 64219 87471 46454 61966 72322 70400 34542 23641 16504 89277 5042 98960 60517 36802 57232 28851 35667 15218 84823 56297 71690 17196 13809 79542 80517 81281 29167 15735 59449 17888 12206 15272 30992 13938 84351 95293 91104 29009 23977 76556 10758 9065 33688 94972 59455 67660 34264 42093 14548 34140 31736 8803 55073 24302 58813 97672 23845 93149 15744 16672 83999 70776 48451 30331 52826 34082 80916 10666 72351 68863 71158 84411 45568 52695 84553 88312 76435 10852 99318 35945 23693 64541 97535 47660 11442 65720 26293 5681 42925 37858 16849 77689 94770 87917 82230 58826 78237 81394 10516 65259 37390 40600 11231 5651 82209 68714 80952 44056 40373 54293 76761 18059 77617 71344 80768 81937 40957 81384 52515 86364 22127 59655 6240 6486 73660 24124 54737 31864 6630 21323 92289 19147 80612 67432 42261 94063 7466 84735 84165 14126 78297 8487 46122 59399 11080 23509 17874 89209 74208 52481 62481 32675 77236 54636 65751 54912 98172 85552 43951 22235 24085 60009 10605 5123 54278 99389 21551 2785 32259 33911 41859 41834 32976 4574 71786 86504 98176 48589 61589 33545 83364 69240 81309 9230 33392 85363 12744 9381 99604 22506 28238 33210 41788 69301 28938 84416 29588 25485 25029 64757 73060 36578 65889 97835 77389 33758 44801 61139 12438 44337 22530 32069 54365 43834 25640 26200 96277 86582 89457 44845 84833 62138 69535 16653 71613 70900 44028 6945 59446 1454 63971 36176 57403 25530 18337 51429 44022 6314 80029 62061 25632 17172 3824 21463 38002 97763 42232 92976 91666 63150 75829 80536 97135 39252 64897 20473 60633 13485 59238 92831 27759 91585 57884 16522 76535 12538 59831 94933 95407 93950 13561 24992 98495 20852 56025 5831 66227 39924 40770 68554 32790 15456 97531 51300 72387 23220 28269 37346 54206 37362 30492 96045 22338 54502 45813 95160 46532 40038 11418 35591 93100 63614 81368 77785 23181 40959 21806 65691 2353 69482 80194 55587 95561 75138 18737 99955 21601 56776 84507 7037 32151 29688 82677 59584 23420 53915 37280 24080 75851 66557 20927 32125 6305 3891 82049 47720 
15 51
74080 4021 72969 9016 17290 17303 44833 26991 41329 62894 12479 99087 70169 18515 10501 26268 90172 13566 23511 94771 5588 11840 76142 80815 2377 26406 75048 60533 52785 87654 66024 23109 21800 72094 38930 37098 93042 89491 64708 71984 98349 95922 73713 57642 21254 60303 79324 62347 14554 65137 96024 
16 102
1374 5259 36263 87997 9434 47273 23843 25288 15493 13654 54986 99004 44870 31001 44993 42799 86053 80654 76488 80932 50310 54700 10565 7320 24076 95683 2649 78008 28842 31177 56314 33086 89860 97809 41307 41057 668 20217 20449 55094 1537 21668 93553 86513 63060 7497 75544 11584 24457 62057 58015 46752 58638 27411 62233 43930 97884 30381 41404 10232 41023 21816 14823 1084 87110 80795 16585 25958 24576 76713 54747 23501 18885 79960 25049 56034 4859 53250 67627 90599 65878 32637 33316 80356 60320 69747 30622 97405 40974 16781 36744 34547 22955 63138 27498 69081 90954 44661 47940 17794 259 45052 
17 454
45257 1075 40628 66431 9494 54346 58179 12761 2883 57031 68736 97155 43542 21039 64471 1375 92422 13368 23586 40771 42214 17022 44202 69785 1208 82436 49423 93812 89017 55693 29555 56261 79528 48986 23031 32998 1676 41957 38975 838 74398 76206 72047 24725 25555 7099 16466 6462 66474 69844 40695 66744 13807 58614 20101 60650 48497 8856 16313 77078 26856 61109 4490 80649 8434 69707 34249 80808 35595 42969 43758 95172 88110 86766 64074 45815 6625 63203 64630 99972 18524 97369 22596 42473 28504 86571 98799 90720 80226 89776 8923 9711 43839 87846 57262 40099 28770 66108 95859 94141 51414 15212 45392 7743 34977 78454 85888 59233 63255 24724 72784 18883 53958 42387 38879 20111 94158 78596 87428 88033 46116 87792 13322 4974 21772 24612 51143 83220 90044 29925 32380 26097 25367 11596 56608 73846 68226 21641 35503 84283 602 48275 36109 30762 97204 94971 30239 19144 62907 49851 17536 18025 73534 56353 51340 48175 45956 61126 25223 65942 92816 13041 21007 21272 95623 40780 91946 69430 64259 35411 98775 99491 18906 13287 54453 12725 31762 58810 30193 69965 59288 63271 21609 53834 69295 86323 41308 41044 87135 7985 44791 28225 81937 45257 1075 40628 66431 9494 54346 58179 12761 2883 57031 68736 97155 43542 21039 64471 1375 92422 13368 23586 40771 42214 17022 44202 69785 1208 82436 49423 93812 89017 55693 29555 56261 79528 48986 23031 32998 1676 41957 38975 838 74398 76206 72047 24725 25555 7099 16466 6462 66474 69844 40695 66744 13807 58614 20101 60650 48497 8856 16313 77078 26856 61109 4490 80649 8434 69707 34249 80808 35595 42969 43758 95172 88110 86766 64074 45815 6625 63203 64630 99972 18524 97369 22596 42473 28504 86571 98799 90720 80226 89776 8923 9711 43839 87846 57262 40099 28770 66108 95859 94141 51414 15212 45392 7743 34977 78454 85888 59233 63255 24724 72784 18883 53958 42387 38879 20111 94158 78596 87428 88033 46116 87792 13322 4974 21772 24612 51143 83220 90044 29925 32380 26097 25367 11596 56608 73846 68226 21641 35503 84283 602 48275 36109 30762 97204 94971 30239 19144 62907 49851 17536 18025 73534 56353 51340 48175 45956 61126 25223 65942 92816 13041 21007 21272 95623 40780 91946 69430 64259 35411 98775 99491 18906 13287 54453 12725 31762 58810 30193 69965 59288 63271 21609 53834 69295 86323 41308 41044 87135 7985 44791 28225 81937 37637 88155 34900 34915 19125 43222 48214 95571 79981 4170 96489 2110 24675 99689 93184 77331 68150 79238 23106 62295 36466 60643 14500 200 51895 68406 1640 63434 10466 78810 39537 33046 44267 78488 33511 37279 82622 13409 59391 53715 84011 7356 90822 45030 9113 45690 23708 3716 72401 69861 61820 71088 86889 73706 31964 58346 81854 65911 40977 66025 73268 64638 20392 74835 37819 41960 87073 47149 
18 634
91656 65553 50977 61192 99743 72008 80708 43167 96879 9063 93222 42993 82885 64859 37514 64923 65893 70596 23826 72043 58089 22694 7009 56714 27307 39250 82652 83966 34185 61666 78218 45206 10619 85811 44156 76327 12079 57191 75502 33960 21127 73935 6527 3985 26961 23676 41023 26323 15202 76964 68664 61492 96793 69748 94175 45887 13098 18293 16862 34443 71946 69670 33717 6173 73823 88777 47118 57864 33325 90274 63304 14954 43401 56179 26225 47721 31182 29138 40425 4901 29113 57361 82373 69242 85923 28176 76668 42825 36744 95510 6762 33141 4437 47697 63944 42237 96762 19431 84545 78466 11404 5770 84571 658 50126 3418 39108 22756 67920 79560 15763 69599 31166 42396 71205 94775 88846 93791 10540 45096 48023 64212 40324 87500 16924 32055 71056 46832 57852 20465 3895 27639 31268 89851 17462 94241 48867 64905 63764 33890 40871 202 64739 25482 44328 16557 22000 75875 36403 37195 95798 4856 12435 32702 31165 90390 56296 24171 52094 4121 49194 49609 59095 48015 98401 9347 41358 72418 68058 5147 47122 77529 37535 91656 65553 50977 61192 99743 72008 80708 43167 96879 9063 93222 42993 82885 64859 37514 64923 65893 70596 23826 72043 58089 22694 7009 56714 27307 39250 82652 83966 34185 61666 78218 45206 10619 85811 44156 76327 12079 57191 75502 33960 21127 73935 6527 3985 26961 23676 41023 26323 15202 76964 68664 61492 96793 69748 94175 45887 13098 18293 16862 34443 71946 69670 33717 6173 73823 88777 47118 57864 33325 90274 63304 14954 43401 56179 26225 47721 31182 29138 40425 4901 29113 57361 82373 69242 85923 28176 76668 42825 36744 95510 6762 33141 4437 47697 63944 42237 96762 19431 84545 78466 11404 5770 84571 658 50126 3418 39108 22756 67920 79560 15763 69599 31166 42396 71205 94775 88846 93791 10540 45096 48023 64212 40324 87500 16924 32055 71056 46832 57852 20465 3895 27639 31268 89851 17462 94241 48867 64905 63764 33890 40871 202 64739 25482 44328 16557 22000 75875 36403 37195 95798 4856 12435 32702 31165 90390 56296 24171 52094 4121 49194 49609 59095 48015 98401 9347 41358 72418 68058 5147 47122 77529 37535 87013 92918 51739 33913 23558 45342 55372 54693 87001 8752 66799 20930 31028 30091 9926 69011 11364 50478 14660 3499 44126 60162 73824 3322 90604 93463 93398 74596 84476 5406 7015 80763 25753 90932 93362 18055 81574 8418 56597 67027 46012 81547 75148 88057 57474 97271 92048 83669 11930 90165 97011 32019 7386 95419 54784 15884 78684 4929 8859 58378 34415 95374 66609 72128 95254 67089 89969 57790 47325 4409 90365 35636 1869 16663 38724 54472 40942 96900 76571 63952 69205 47104 20633 8169 66287 79431 96346 451 87242 36510 87547 49846 49572 71886 74808 86487 80455 43994 23208 23389 10774 6616 11122 25000 47653 19980 99039 2089 40270 7441 9753 65173 79108 1967 25502 20947 55367 21312 70415 39900 43002 93987 54433 39624 92580 15015 81313 84823 56288 56362 66414 52865 35212 33253 37962 67386 47626 75451 89685 94403 95800 81500 2925 13297 52222 16457 50956 55591 95788 48418 12516 8059 75277 51556 870 80001 36809 63765 16287 34407 16975 75340 89899 10678 5140 10395 24514 59480 48407 81660 32484 98376 70485 24651 98455 15867 34915 37081 2302 16006 77120 59188 3977 92503 49746 70920 18257 78713 72885 92052 47406 5589 31077 94521 68306 20132 16114 65421 76033 1960 12893 33725 94857 28573 17217 21349 91465 1691 38441 60643 63339 94239 72797 57756 47808 36102 29362 58172 41179 15104 16201 10791 73191 40549 27707 87185 69171 38135 51067 60503 70635 73905 92016 38753 71010 43966 22954 94420 32179 13466 46063 50407 11980 54048 36969 45220 93428 50363 44290 54469 94650 41815 8978 67439 68752 84011 1778 50271 12564 25056 86279 60153 17718 10582 38544 44662 34558 25183 32463 71310 77692 93969 83177 27732 56082 60548 57008 36022 86040 9658 56820 73268 46503 4284 23420 5657 85247 63390 
19 79
87804 55807 68672 50583 49777 77568 32674 60482 54730 90738 95273 9447 95440 58792 72748 76593 48396 43439 87898 60037 33849 24792 31553 97261 66779 27547 42987 55726 99663 52677 16584 63804 99751 25256 67725 27713 46611 45370 18631 20669 17045 78143 10914 65079 20680 41495 34537 71473 51023 67087 12750 25752 17037 73409 67810 13844 13489 61567 48869 907 64381 72106 53001 54371 67206 67353 1282 18010 93812 98049 76802 44088 74670 85909 6229 96566 9514 63981 82501 
20 76
87670 6887 11759 3247 2939 85615 27095 22397 50258 69067 32866 10288 75812 46418 20165 30717 17051 99216 70603 162 15045 36339 55246 91341 50102 46954 50732 84378 98849 43545 25003 69326 76655 76295 71505 29235 61443 96020 4469 31139 27547 51823 84373 24558 35066 35016 56322 13721 29644 88442 29482 99016 93110 99589 76203 37292 7440 24741 87764 65383 25290 73703 33207 32321 57635 60279 8790 76950 35270 72024 59690 79116 70650 47688 7890 56090 
21 716
6246 81491 63175 33763 90995 27488 88989 63215 1710 8796 66247 23791 78154 79214 70596 77613 34691 81066 59896 92674 74854 11193 46222 26677 93343 90824 71370 20207 92999 50730 11337 37701 43956 26496 90943 96417 45592 4416 87838 20824 81065 1169 77979 59691 77218 80252 52028 66387 10676 34129 76219 39702 15604 83485 49258 92168 46939 2742 9592 92058 5006 17236 94069 55831 21280 29237 76677 93796 50460 69990 17053 81896 92742 99692 77397 22307 49916 41394 77537 80326 12136 66644 36135 39325 40890 83832 46246 83318 52359 97738 2720 29104 76606 21223 82344 10263 68085 22343 24365 41346 13321 4219 47558 7574 68562 23317 62828 8107 54054 23655 91218 23396 30644 62922 80597 47930 6117 30487 27585 34089 63615 73730 30855 18135 63938 44596 3337 8747 33049 62839 2051 61863 67299 81319 12369 59246 42165 4058 37688 10624 29198 31548 60502 7501 20251 83672 13390 1547 65951 6246 81491 63175 33763 90995 27488 88989 63215 1710 8796 66247 23791 78154 79214 70596 77613 34691 81066 59896 92674 74854 11193 46222 26677 93343 90824 71370 20207 92999 50730 11337 37701 43956 26496 90943 96417 45592 4416 87838 20824 81065 1169 77979 59691 77218 80252 52028 66387 10676 34129 76219 39702 15604 83485 49258 92168 46939 2742 6246 81491 63175 33763 90995 27488 88989 63215 1710 8796 66247 23791 78154 79214 70596 77613 34691 81066 59896 92674 74854 11193 46222 26677 93343 90824 71370 20207 92999 50730 11337 37701 43956 26496 90943 96417 45592 4416 87838 20824 81065 1169 77979 59691 77218 80252 52028 66387 10676 34129 76219 39702 15604 83485 49258 92168 46939 2742 9592 92058 5006 17236 94069 55831 21280 29237 76677 93796 50460 69990 17053 81896 92742 99692 77397 22307 49916 41394 77537 80326 12136 66644 36135 39325 40890 83832 46246 83318 52359 97738 2720 29104 76606 21223 82344 10263 68085 22343 24365 41346 13321 4219 47558 7574 68562 23317 62828 8107 54054 23655 91218 23396 30644 62922 80597 47930 6117 30487 27585 34089 63615 73730 30855 18135 63938 44596 3337 8747 33049 62839 2051 61863 67299 81319 12369 59246 42165 4058 37688 10624 29198 31548 60502 7501 20251 83672 13390 1547 65951 82199 23915 57915 922 48205 77201 28138 51209 39541 22090 53154 84149 62329 30104 22216 40922 31974 4919 31083 60909 11258 72811 93353 55621 14935 47030 59720 69847 759 58086 90015 11497 23740 16936 37073 43989 17059 20655 51031 19 8970 50707 80169 42732 71302 50874 40582 73517 79563 73455 6899 84424 23513 50504 78169 85588 84732 98096 59108 186 89170 6054 85694 47008 32550 48137 30015 92489 45357 89246 34441 82196 63371 58873 65532 64101 85312 56564 70508 74254 91808 26741 13053 59652 72989 49949 45708 51480 59483 6435 15820 56816 37907 90960 17715 42044 92546 13171 54158 11505 86249 67994 5026 61178 59436 40391 48790 47939 1493 71886 16658 93407 34972 3660 61360 36098 28934 6538 354 25437 18545 46577 33464 10692 7756 23600 8447 72370 44633 47350 50097 85025 54718 51178 63111 95834 30653 5791 14346 87056 28083 70413 99931 6696 42364 69684 96616 92656 68189 16539 38115 37978 59462 31181 61937 17509 3396 5469 46321 80829 29420 5333 49997 29573 30863 2666 33928 27948 97822 81360 8366 23845 87512 51118 51232 88195 59814 20076 6203 54380 95287 25913 71908 16859 6134 55196 65448 40288 6231 81906 4224 98666 99303 46208 15577 53451 11330 6698 54897 3217 69555 4782 41490 41809 43827 35413 95937 47635 36415 34600 27018 40170 4205 77126 99249 76769 15883 99579 7644 28916 84685 76249 58211 40727 52283 3044 74621 37554 58756 53606 83968 26729 23802 29736 25273 86147 55635 52511 35565 98007 73802 46466 10604 60932 43613 74375 64870 94741 768 98288 68360 53407 99979 8799 71292 45847 47341 8992 97146 43296 52400 7060 28965 68497 84416 54962 90089 99172 78193 76823 41718 66980 46596 94387 87565 56856 14131 37574 23496 52987 39911 98020 28540 39536 8918 58119 98571 26379 69042 23441 5717 65920 42070 73105 79002 16433 84746 47541 62715 82144 48518 48360 87442 65166 65443 69572 7545 70749 65432 3216 99041 52100 50318 8512 13215 16512 84425 69057 68390 12429 46038 58103 18330 8612 72964 45406 18742 31435 38972 84840 48743 57447 79699 84759 60763 68929 10136 1183 14859 97084 99496 98718 91234 26914 25986 76428 50062 86517 82511 3790 56823 71416 27027 61908 19718 50735 2630 70052 23715 50547 
22 64
370 24274 8935 68571 73075 35839 34708 5177 81449 19692 8244 18334 37469 46489 79700 74666 19783 91612 6444 26285 32896 360 84526 41401 58689 58985 82379 2614 52109 13921 81887 17045 78334 17725 65172 35349 11911 24327 79285 4845 64311 1169 69086 87451 20530 57278 52102 1484 21534 70480 417 90851 45766 9421 37057 41357 83009 71199 29352 48274 48809 62209 41665 74413 
23 63
71237 49586 828 6991 519 39629 14221 8932 57563 90837 97963 69900 70149 15363 52713 30515 10477 38372 85204 86991 13925 73556 27299 85142 52401 41234 60914 92839 83254 72134 47373 76251 93826 53801 62262 41670 70685 64426 2504 8573 19143 70233 254 35373 74664 63864 25452 64256 2763 22997 24457 4093 73710 24407 91467 96364 89449 83647 76826 63986 59607 93925 61053 
24 2314
53086 64216 12157 65966 37544 15241 30426 67476 11379 44118 93518 41440 34659 41466 66529 91770 48168 44512 52861 57530 77008 80884 40796 85961 44116 74083 86479 69326 47828 61671 10246 50717 26035 1460 41805 49464 46500 35663 5424 34227 63420 57054 54536 20526 19917 99663 11396 57421 24468 97311 61403 26277 36853 18389 58704 68383 99585 46611 57363 1209 53962 10675 34763 53686 52964 59034 79726 50425 64677 74054 60675 37966 53984 78069 92422 58035 2620 26771 36376 94370 21668 73409 31907 84825 23374 18706 25894 19517 74106 34878 58569 11034 25373 58000 69166 78064 76560 10479 5467 89272 77713 22717 58869 58326 83546 27805 16276 53086 64216 12157 65966 37544 15241 30426 67476 11379 44118 93518 41440 34659 41466 66529 91770 48168 44512 52861 57530 77008 80884 40796 85961 44116 74083 86479 69326 47828 61671 10246 50717 26035 1460 41805 49464 46500 35663 5424 34227 63420 57054 54536 20526 19917 99663 11396 57421 24468 97311 61403 26277 36853 18389 58704 68383 99585 46611 57363 1209 53962 10675 34763 53686 52964 59034 79726 50425 64677 74054 60675 37966 53984 78069 92422 58035 2620 26771 36376 94370 21668 73409 31907 84825 23374 18706 25894 19517 74106 34878 58569 11034 25373 58000 69166 78064 76560 10479 5467 89272 77713 22717 58869 58326 83546 27805 16276 89341 88361 36138 85196 15633 40047 21325 74458 82340 92145 11800 17210 71689 44364 74271 46768 49410 42597 55437 15573 91517 6453 99904 51563 29406 92910 14136 42828 99944 36702 42693 9565 19078 35002 56449 26899 45806 5459 39323 75711 75962 39591 80028 469 25695 35726 95486 78322 86787 83738 5139 91223 94942 80094 57711 95509 49151 58999 55365 29008 19431 53749 17266 38261 81195 52494 86407 49982 41975 74507 47558 16332 14510 26975 69758 33625 76263 49299 9960 82747 55813 64771 43455 67797 67404 37013 74655 86555 28971 67345 91530 48838 77092 14820 80061 37847 51748 96558 83038 28271 88276 70750 12863 4312 40926 41316 29535 14427 81721 70597 71939 5479 54648 45963 45938 1994 35930 14938 3694 31575 70864 1659 25048 43667 25197 52955 1959 15677 97442 59322 15909 80649 48834 27031 79618 94675 82062 20733 74403 92774 68744 28802 29880 82918 37104 65636 7136 96202 29470 10870 19349 30450 55262 19077 30985 69807 36327 41128 68859 9066 61868 55222 21706 20734 35720 31121 9670 17531 68378 47852 3417 81944 18131 18149 52920 41824 86860 78257 34533 15021 28727 309 68567 66589 48832 90477 35067 71067 42311 63047 6607 3113 28976 7603 87823 92013 53496 1898 45750 36265 45259 74510 13285 35895 9754 84280 49703 35385 92064 38887 133 54491 11391 41903 92522 12241 13860 44989 95339 61391 91921 92880 66710 44383 95278 15083 87655 93265 33697 22216 3369 87020 33479 92104 96610 56235 80760 15094 18030 22015 71065 54370 87050 85634 38421 87749 90780 5618 33219 13334 30528 73230 44590 42187 46125 12907 94128 78364 60977 17080 56800 99505 69353 76645 22615 87709 73677 17321 1722 38950 91047 35369 10674 38470 13218 55370 36970 56601 36827 33878 8663 76947 50704 29913 11756 63903 18599 33072 88642 34707 22125 46882 8913 52125 23351 24755 19041 23744 38761 82389 19209 14452 3410 21772 30296 62420 43452 23385 11579 74056 88970 63098 24400 8416 74067 9073 24215 80390 11525 24577 46782 45214 62002 10438 68284 41349 20938 61903 71777 35953 60696 88425 45099 57034 57155 69899 36484 76322 73386 45318 90183 76852 50972 45743 31003 96128 65057 33953 38028 966 96882 70046 77760 31222 66792 51322 62196 68156 47020 76150 47633 81240 6004 11689 71594 3613 72153 93886 21256 87114 5914 7760 88298 63612 92124 19943 41655 34705 16169 25384 22979 75349 75315 79261 93767 29143 46227 99167 15373 79433 47157 59745 94365 31096 74872 66994 1371 71717 99513 52703 46317 9935 23375 57124 88282 17977 16484 46462 51340 91804 69200 97600 53086 64216 12157 65966 37544 15241 30426 67476 11379 44118 93518 41440 34659 41466 66529 91770 48168 44512 52861 57530 77008 80884 40796 85961 44116 74083 86479 69326 47828 61671 10246 50717 26035 1460 41805 49464 46500 35663 5424 34227 63420 57054 54536 20526 19917 99663 11396 57421 24468 97311 61403 26277 36853 18389 58704 68383 99585 46611 57363 1209 53962 10675 34763 53686 52964 59034 79726 50425 64677 74054 60675 37966 53984 78069 92422 58035 2620 26771 36376 94370 21668 73409 31907 84825 23374 18706 25894 19517 74106 34878 58569 11034 25373 58000 69166 78064 76560 10479 5467 89272 77713 22717 58869 58326 83546 27805 16276 89341 88361 36138 85196 15633 40047 21325 74458 82340 92145 11800 17210 71689 44364 74271 46768 49410 42597 55437 15573 91517 6453 99904 51563 29406 92910 14136 42828 99944 36702 42693 9565 19078 35002 56449 26899 45806 5459 39323 75711 75962 39591 80028 469 25695 35726 95486 78322 86787 83738 5139 91223 94942 80094 57711 95509 49151 58999 55365 29008 19431 53749 17266 38261 81195 52494 86407 49982 41975 74507 47558 16332 14510 26975 69758 33625 76263 49299 9960 82747 55813 64771 43455 67797 67404 37013 74655 86555 28971 67345 91530 48838 77092 14820 80061 37847 51748 96558 83038 28271 88276 70750 12863 4312 40926 41316 29535 14427 81721 70597 71939 5479 54648 45963 45938 1994 35930 14938 3694 31575 70864 1659 25048 43667 25197 52955 1959 15677 97442 59322 15909 80649 48834 27031 79618 94675 82062 20733 74403 92774 68744 28802 29880 82918 37104 65636 7136 96202 29470 10870 19349 30450 55262 19077 30985 69807 36327 41128 68859 9066 61868 55222 21706 20734 35720 31121 9670 17531 68378 47852 3417 81944 18131 18149 52920 41824 86860 78257 34533 15021 28727 309 68567 66589 48832 90477 35067 71067 42311 63047 6607 3113 28976 7603 87823 92013 53496 1898 45750 36265 45259 74510 13285 35895 9754 84280 49703 35385 92064 38887 133 54491 11391 41903 92522 12241 13860 44989 95339 61391 91921 92880 66710 44383 95278 15083 87655 93265 33697 22216 3369 87020 33479 92104 96610 56235 80760 15094 18030 22015 71065 54370 87050 85634 38421 87749 90780 5618 33219 13334 30528 73230 44590 42187 46125 12907 94128 78364 60977 17080 56800 99505 69353 76645 22615 87709 73677 17321 1722 38950 91047 35369 10674 38470 13218 55370 36970 56601 36827 33878 8663 76947 50704 29913 11756 63903 18599 33072 88642 34707 22125 46882 8913 52125 23351 24755 19041 23744 38761 82389 19209 14452 3410 21772 30296 62420 43452 23385 11579 74056 88970 63098 24400 8416 74067 9073 24215 80390 11525 24577 46782 45214 62002 10438 68284 41349 20938 61903 71777 35953 60696 88425 45099 57034 57155 69899 36484 76322 73386 45318 90183 76852 50972 45743 31003 96128 65057 33953 38028 966 96882 70046 77760 31222 66792 51322 62196 68156 47020 76150 47633 81240 6004 11689 71594 3613 72153 93886 21256 87114 5914 7760 88298 63612 92124 19943 41655 34705 16169 25384 22979 75349 75315 79261 93767 29143 46227 99167 15373 79433 47157 59745 94365 31096 74872 66994 1371 71717 99513 52703 46317 9935 23375 57124 88282 17977 16484 46462 51340 91804 69200 97600 49 69883 47009 76110 25588 50742 42780 23451 31838 12732 61402 29533 5872 31827 78665 27049 34168 65225 86075 4299 18226 39804 8692 51351 68812 53746 69233 69175 47422 64105 24087 80845 70230 46094 67968 25755 37408 45933 42296 1721 63880 18520 43220 91864 72594 37660 79450 44961 94487 18807 34253 50966 79797 24613 88591 5084 39585 67416 70575 4763 75576 31052 31423 16785 88791 51643 89088 69019 40575 28218 10952 21972 92650 8366 37683 74021 62421 1904 74027 41098 90889 63839 93233 58694 83963 14061 18472 33315 46490 55 79455 71485 49673 65969 91120 73641 47767 66987 36586 79792 78237 4493 48531 94195 48374 28723 36092 81650 67974 10679 37773 53524 46020 54842 63344 41973 76913 45283 63586 96996 67969 33664 17999 88728 84247 40794 50101 20700 83810 16735 26189 59071 36766 9777 67635 87101 85299 10308 76572 92926 50000 53438 53413 74181 91538 61997 54573 17088 5824 7981 87837 88585 18904 17351 49409 76752 29763 46264 90473 51144 42500 92402 5486 32976 14742 18869 51846 68935 91682 34934 93540 32187 28331 98809 99185 34050 43296 94841 1330 94150 25304 62010 74450 90350 4687 63428 23736 60489 52820 74120 43056 2125 5520 74914 88733 64018 5036 71576 61760 47712 18454 2415 40776 56958 60395 89458 20707 66153 9259 58711 97539 10247 86235 545 69155 19169 42333 27477 1989 48807 53075 38794 48932 59344 45951 41741 44022 57612 68960 50198 98621 86252 7142 78930 10211 97831 52769 30891 82830 84226 6691 87435 39230 18082 54378 22387 99844 72448 53219 38850 555 8042 14990 79358 33337 35684 54483 11020 9107 20645 89471 94659 97357 25572 5572 32039 67249 70672 67677 59474 19793 61251 83902 22129 30928 30050 54608 85644 61820 47251 37163 15356 74333 78311 42839 99496 78532 68699 67760 45673 93204 93128 75158 86234 58178 3858 8541 49372 65196 80269 77530 39620 83457 10379 41204 12039 5381 92893 46286 6816 48237 97645 61713 12557 25441 72954 42178 46720 67211 60055 55612 84371 88443 2821 54462 53086 64216 12157 65966 37544 15241 30426 67476 11379 44118 93518 41440 34659 41466 66529 91770 48168 44512 52861 57530 77008 80884 40796 85961 44116 74083 86479 69326 47828 61671 10246 50717 26035 1460 41805 49464 46500 35663 5424 34227 63420 57054 54536 20526 19917 99663 11396 57421 24468 97311 61403 26277 36853 18389 58704 68383 99585 46611 57363 1209 53962 10675 34763 53686 52964 59034 79726 50425 64677 74054 60675 37966 53984 78069 92422 58035 2620 26771 36376 94370 21668 73409 31907 84825 23374 18706 25894 19517 74106 34878 58569 11034 25373 58000 69166 78064 76560 10479 5467 89272 77713 22717 58869 58326 83546 27805 16276 89341 88361 36138 85196 15633 40047 21325 74458 82340 92145 11800 17210 71689 44364 74271 46768 49410 42597 55437 15573 91517 6453 99904 51563 29406 92910 14136 42828 99944 36702 42693 9565 19078 35002 56449 26899 45806 5459 39323 75711 75962 39591 80028 469 25695 35726 95486 78322 86787 83738 5139 91223 94942 80094 57711 95509 49151 58999 55365 29008 19431 53749 17266 38261 81195 52494 86407 49982 41975 74507 47558 16332 14510 26975 69758 33625 76263 49299 9960 82747 55813 64771 43455 67797 67404 37013 74655 86555 28971 67345 91530 48838 77092 14820 80061 37847 51748 96558 83038 28271 88276 70750 12863 4312 40926 41316 29535 14427 81721 70597 71939 5479 54648 45963 45938 1994 35930 14938 3694 31575 70864 1659 25048 43667 25197 52955 1959 15677 97442 59322 15909 80649 48834 27031 79618 94675 82062 20733 74403 92774 68744 28802 29880 82918 37104 65636 7136 96202 29470 10870 19349 30450 55262 19077 30985 69807 36327 41128 68859 9066 61868 55222 21706 20734 35720 31121 9670 17531 68378 47852 3417 81944 18131 18149 52920 41824 86860 78257 34533 15021 28727 309 68567 66589 48832 90477 35067 71067 42311 63047 6607 3113 28976 7603 87823 92013 53496 1898 45750 36265 45259 74510 13285 35895 9754 84280 49703 35385 92064 38887 133 54491 11391 41903 92522 12241 13860 44989 95339 61391 91921 92880 66710 44383 95278 15083 87655 93265 33697 22216 3369 87020 33479 92104 96610 56235 80760 15094 18030 22015 71065 54370 87050 85634 38421 87749 90780 5618 33219 13334 30528 73230 44590 42187 46125 12907 94128 78364 60977 17080 56800 99505 69353 76645 22615 87709 73677 17321 1722 38950 91047 35369 10674 38470 13218 55370 36970 56601 36827 33878 8663 76947 50704 29913 11756 63903 18599 33072 88642 34707 22125 46882 8913 52125 23351 24755 19041 23744 38761 82389 19209 14452 3410 21772 30296 62420 43452 23385 11579 74056 88970 63098 24400 8416 74067 9073 24215 80390 11525 24577 46782 45214 62002 10438 68284 41349 20938 61903 71777 35953 60696 88425 45099 57034 57155 69899 36484 76322 73386 45318 90183 76852 50972 45743 31003 96128 65057 33953 38028 966 96882 70046 77760 31222 66792 51322 62196 68156 47020 76150 47633 81240 6004 11689 71594 3613 72153 93886 21256 87114 5914 7760 88298 63612 92124 19943 41655 34705 16169 25384 22979 75349 75315 79261 93767 29143 46227 99167 15373 79433 47157 59745 94365 31096 74872 66994 1371 71717 99513 52703 46317 9935 23375 57124 88282 17977 16484 46462 51340 91804 69200 97600 49 69883 47009 76110 25588 50742 42780 23451 31838 12732 61402 29533 5872 31827 78665 27049 34168 65225 86075 4299 18226 39804 8692 51351 68812 53746 69233 69175 47422 64105 24087 80845 70230 46094 67968 25755 37408 45933 42296 1721 63880 18520 43220 91864 72594 37660 79450 44961 94487 18807 34253 50966 79797 24613 88591 5084 39585 67416 70575 4763 75576 31052 31423 16785 88791 51643 89088 69019 40575 28218 10952 21972 92650 8366 37683 74021 62421 1904 74027 41098 90889 63839 93233 58694 83963 14061 18472 33315 46490 55 79455 71485 49673 65969 91120 73641 47767 66987 36586 79792 78237 4493 48531 94195 48374 28723 36092 81650 67974 10679 37773 53524 46020 54842 63344 41973 76913 45283 63586 96996 67969 33664 17999 88728 84247 40794 50101 20700 83810 16735 26189 59071 36766 9777 67635 87101 85299 10308 76572 92926 50000 53438 53413 74181 91538 61997 54573 17088 5824 7981 87837 88585 18904 17351 49409 76752 29763 46264 90473 51144 42500 92402 5486 32976 14742 18869 51846 68935 91682 34934 93540 32187 28331 98809 99185 34050 43296 94841 1330 94150 25304 62010 74450 90350 4687 63428 23736 60489 52820 74120 43056 2125 5520 74914 88733 64018 5036 71576 61760 47712 18454 2415 40776 56958 60395 89458 20707 66153 9259 58711 97539 10247 86235 545 69155 19169 42333 27477 1989 48807 53075 38794 48932 59344 45951 41741 44022 57612 68960 50198 98621 86252 7142 78930 10211 97831 52769 30891 82830 84226 6691 87435 39230 18082 54378 22387 99844 72448 53219 38850 555 8042 14990 79358 33337 35684 54483 11020 9107 20645 89471 94659 97357 25572 5572 32039 67249 70672 67677 59474 19793 61251 83902 22129 30928 30050 54608 85644 61820 47251 37163 15356 74333 78311 42839 99496 78532 68699 67760 45673 93204 93128 75158 86234 58178 3858 8541 49372 65196 80269 77530 39620 83457 10379 41204 12039 5381 92893 46286 6816 48237 97645 61713 12557 25441 72954 42178 46720 67211 60055 55612 84371 88443 2821 54462 
25 46
84623 14740 67897 52540 4085 88113 92453 55072 22455 2233 28114 57340 43358 9626 75111 10086 64449 81291 11683 31396 20283 98126 67552 59807 70560 94974 561 6573 65977 52692 68540 99792 51205 83395 90224 83780 72337 843 58719 89805 73009 54879 2931 49135 42929 32321 
26 37
95408 81498 44325 86788 56977 2310 54188 95311 87997 93743 77585 5360 64515 10013 2373 65706 41836 4697 72167 28224 48061 60531 85260 31213 81514 52091 18406 84825 4836 25617 81743 13965 8634 54467 47293 58238 76826 
27 1584
11962 48688 9444 40689 40628 72891 11489 18210 99850 55834 2425 61488 6556 58487 60881 5837 13614 48201 31041 1387 87437 52942 95971 63945 72794 71449 60194 15275 53221 66789 21533 14915 19912 8551 65100 20142 71562 89356 3037 52098 6790 99898 50730 47310 15517 36395 83355 1477 51399 23675 12091 18349 39425 3036 61839 80607 62938 47708 96061 52648 75837 41375 99182 27164 73124 20729 38818 70204 25093 35985 54093 41306 58666 11962 48688 9444 40689 40628 72891 11489 18210 99850 55834 2425 61488 6556 58487 60881 5837 13614 48201 31041 1387 87437 52942 95971 63945 72794 71449 60194 15275 53221 66789 21533 14915 19912 8551 65100 20142 71562 89356 3037 52098 6790 99898 50730 47310 15517 36395 83355 1477 51399 23675 12091 18349 39425 3036 61839 80607 62938 47708 96061 52648 75837 41375 99182 27164 73124 20729 38818 70204 25093 35985 54093 41306 58666 41023 50588 57639 36513 80795 33805 71199 59904 15063 75257 85359 63955 20137 57566 87012 24246 43105 26179 37604 20955 54030 7413 42488 98908 64910 93708 64352 80367 52939 94534 55397 86971 82916 93798 32580 91082 75826 43685 99175 56680 33138 81064 11725 1792 89381 29054 32584 82398 1291 1189 22303 50795 82393 73940 78359 7392 77855 20965 7242 128 13467 69499 55238 58829 49784 72289 83101 48497 57758 14537 68573 56073 80293 76130 10507 83888 85414 50655 29509 21995 59761 71722 97817 13216 92067 88038 94892 31782 52016 69807 30727 70891 28648 78141 98723 48232 69575 64446 21091 57244 83048 68733 90806 52619 84659 67554 95212 13492 68424 20007 27896 93619 78307 95481 54556 48122 79639 76199 97537 96048 68106 85520 93025 7419 54220 68772 37148 66109 68265 52041 48763 83507 39742 91932 31740 89537 2698 15968 38530 25784 2722 3098 59784 94141 67492 44122 98645 28660 40922 89139 67840 73527 87246 75981 41675 46876 45609 89498 4765 3553 13117 43783 2064 33947 84963 55102 77867 73810 24341 45051 18505 96887 79892 52293 62655 80169 39386 14991 12982 84476 28287 14085 11756 45610 66081 6899 28624 3898 4417 43944 89552 20157 16224 59037 43703 82545 35236 24926 70039 66648 37508 24996 38710 11626 19887 42309 53914 48020 1509 60028 83271 86786 73052 30407 15893 6427 52726 19563 33139 27555 27190 7033 8991 95061 14227 776 73080 82268 1176 91132 86943 57382 55798 7165 61436 37160 84183 76004 21634 54591 52651 26295 92227 3746 32528 38150 32221 48403 17715 29025 90383 69329 7900 85391 75324 24284 29505 87133 34966 59826 15877 9101 67611 91118 97268 4193 40785 33211 3431 76280 88908 62227 71599 93196 23694 88803 43878 32119 22363 6878 81473 71219 11962 48688 9444 40689 40628 72891 11489 18210 99850 55834 2425 61488 6556 58487 60881 5837 13614 48201 31041 1387 87437 52942 95971 63945 72794 71449 60194 15275 53221 66789 21533 14915 19912 8551 65100 20142 71562 89356 3037 52098 6790 99898 50730 47310 15517 36395 83355 1477 51399 23675 12091 18349 39425 3036 61839 80607 62938 47708 96061 52648 75837 41375 99182 27164 73124 20729 38818 70204 25093 35985 54093 41306 58666 41023 50588 57639 36513 80795 33805 71199 59904 15063 75257 85359 63955 20137 57566 87012 24246 43105 26179 37604 20955 54030 7413 42488 98908 64910 93708 64352 80367 52939 94534 55397 86971 82916 93798 32580 91082 75826 43685 99175 56680 33138 81064 11725 1792 89381 29054 32584 82398 1291 1189 22303 50795 82393 73940 78359 7392 77855 20965 7242 128 13467 69499 55238 58829 49784 72289 83101 48497 57758 14537 68573 56073 80293 76130 10507 83888 85414 50655 29509 21995 59761 71722 97817 13216 92067 88038 94892 31782 52016 69807 30727 70891 28648 78141 98723 48232 69575 64446 21091 57244 83048 68733 90806 52619 84659 67554 95212 13492 68424 20007 27896 93619 78307 95481 54556 48122 79639 76199 97537 96048 68106 85520 93025 7419 54220 68772 37148 66109 68265 52041 48763 83507 39742 91932 31740 89537 2698 15968 38530 25784 2722 3098 59784 94141 67492 44122 98645 28660 40922 89139 67840 73527 87246 75981 41675 46876 45609 89498 4765 3553 13117 43783 2064 33947 84963 55102 77867 73810 24341 45051 18505 96887 79892 52293 62655 80169 39386 14991 12982 84476 28287 14085 11756 45610 66081 6899 28624 3898 4417 43944 89552 20157 16224 59037 43703 82545 35236 24926 70039 66648 37508 24996 38710 11626 19887 42309 53914 48020 1509 60028 83271 86786 73052 30407 15893 6427 52726 19563 33139 27555 27190 7033 8991 95061 14227 776 73080 82268 1176 91132 86943 57382 55798 7165 61436 37160 84183 76004 21634 54591 52651 26295 92227 3746 32528 38150 32221 48403 17715 29025 90383 69329 7900 85391 75324 24284 29505 87133 34966 59826 15877 9101 67611 91118 97268 4193 40785 33211 3431 76280 88908 62227 71599 93196 23694 88803 43878 32119 22363 6878 81473 71219 44499 2555 50853 41511 65677 17780 62121 72091 39331 77028 32041 72700 78436 67592 20389 56051 3621 49055 18486 84285 39949 83798 28681 22386 33171 46834 29867 72956 82426 30254 30041 6073 69526 34214 3665 30897 15704 28690 30210 91961 50932 29878 59858 93163 84865 98205 28511 81212 2667 44614 14257 23510 38692 86422 96116 10459 29989 3051 26447 3718 7055 46406 79621 91640 82030 87711 50614 1317 72006 5651 29080 82375 14527 43292 71680 98050 28120 19533 30479 52162 31674 12985 88155 76478 54610 44256 8428 96537 41427 14971 28688 17722 39308 64693 22560 7283 77404 80685 10265 43379 11644 93075 33812 71348 10815 42241 61210 75384 81673 97867 39437 75807 89337 24550 33129 72334 63147 97949 6110 88154 86807 33220 82794 76015 90147 73606 20793 14700 13748 5792 20735 29165 11601 77018 85244 58095 99424 7200 87160 15097 49693 94372 27668 50900 75866 87767 56532 51606 98370 87631 78566 97843 81847 86648 30119 64030 76889 73187 68636 4123 67526 48079 25219 78421 44513 33684 29327 97644 78055 55624 72195 87275 55952 49274 41559 34007 23471 77482 7975 8941 26154 6792 16095 73487 57116 1392 55242 75768 83175 71938 71634 4807 90302 46147 43089 87121 77378 8686 64631 76141 74883 3887 24287 70285 30533 10015 51093 1847 95659 76651 37391 49806 29584 68171 51633 78136 42075 10159 50547 5671 79344 78461 81238 11962 48688 9444 40689 40628 72891 11489 18210 99850 55834 2425 61488 6556 58487 60881 5837 13614 48201 31041 1387 87437 52942 95971 63945 72794 71449 60194 15275 53221 66789 21533 14915 19912 8551 65100 20142 71562 89356 3037 52098 6790 99898 50730 47310 15517 36395 83355 1477 51399 23675 12091 18349 39425 3036 61839 80607 62938 47708 96061 52648 75837 41375 99182 27164 73124 20729 38818 70204 25093 35985 54093 41306 58666 41023 50588 57639 36513 80795 33805 71199 59904 15063 75257 85359 63955 20137 57566 87012 24246 43105 26179 37604 20955 54030 7413 42488 98908 64910 93708 64352 80367 52939 94534 55397 86971 82916 93798 32580 91082 75826 43685 99175 56680 33138 81064 11725 1792 89381 29054 32584 82398 1291 1189 22303 50795 82393 73940 78359 7392 77855 20965 7242 128 13467 69499 55238 58829 49784 72289 83101 48497 57758 14537 68573 56073 80293 76130 10507 83888 85414 50655 29509 21995 59761 71722 97817 13216 92067 88038 94892 31782 52016 69807 30727 70891 28648 78141 98723 48232 69575 64446 21091 57244 83048 68733 90806 52619 84659 67554 95212 13492 68424 20007 27896 93619 78307 95481 54556 48122 79639 76199 97537 96048 68106 85520 93025 7419 54220 68772 37148 66109 68265 52041 48763 83507 39742 91932 31740 89537 2698 15968 38530 25784 2722 3098 59784 94141 67492 44122 98645 28660 40922 89139 67840 73527 87246 75981 41675 46876 45609 89498 4765 3553 13117 43783 2064 33947 84963 55102 77867 73810 24341 45051 18505 96887 79892 52293 62655 80169 39386 14991 12982 84476 28287 14085 11756 45610 66081 6899 28624 3898 4417 43944 89552 20157 16224 59037 43703 82545 35236 24926 70039 66648 37508 24996 38710 11626 19887 42309 53914 48020 1509 60028 83271 86786 73052 30407 15893 6427 52726 19563 33139 27555 27190 7033 8991 95061 14227 776 73080 82268 1176 91132 86943 57382 55798 7165 61436 37160 84183 76004 21634 54591 52651 26295 92227 3746 32528 38150 32221 48403 17715 29025 90383 69329 7900 85391 75324 24284 29505 87133 34966 59826 15877 9101 67611 91118 97268 4193 40785 33211 3431 76280 88908 62227 71599 93196 23694 88803 43878 32119 22363 6878 81473 71219 44499 2555 50853 41511 65677 17780 62121 72091 39331 77028 32041 72700 78436 67592 20389 56051 3621 49055 18486 84285 39949 83798 28681 22386 33171 46834 29867 72956 82426 30254 30041 6073 69526 34214 3665 30897 15704 28690 30210 91961 50932 29878 59858 93163 84865 98205 28511 81212 2667 44614 14257 23510 38692 86422 96116 10459 29989 3051 26447 3718 7055 46406 79621 91640 82030 87711 50614 1317 72006 5651 29080 82375 14527 43292 71680 98050 28120 19533 30479 52162 31674 12985 88155 76478 54610 44256 8428 96537 41427 14971 28688 17722 39308 64693 22560 7283 77404 80685 10265 43379 11644 93075 33812 71348 10815 42241 61210 75384 81673 97867 39437 75807 89337 24550 33129 72334 63147 97949 6110 88154 86807 33220 82794 76015 90147 73606 20793 14700 13748 5792 20735 29165 11601 77018 85244 58095 99424 7200 87160 15097 49693 94372 27668 50900 75866 87767 56532 51606 98370 87631 78566 97843 81847 86648 30119 64030 76889 73187 68636 4123 67526 48079 25219 78421 44513 33684 29327 97644 78055 55624 72195 87275 55952 49274 41559 34007 23471 77482 7975 8941 26154 6792 16095 73487 57116 1392 55242 75768 83175 71938 71634 4807 90302 46147 43089 87121 77378 8686 64631 76141 74883 3887 24287 70285 30533 10015 51093 1847 95659 76651 37391 49806 29584 68171 51633 78136 42075 10159 50547 5671 79344 78461 81238 
28 2359
94988 89912 3247 29589 54977 97677 2400 18920 50221 71187 18683 82336 16770 30264 65789 8932 29901 17594 92264 97963 24411 92459 46587 64667 50268 43862 46499 30515 85889 86964 72902 13201 84312 21500 87780 20486 7734 81330 17584 30750 956 99507 47959 44903 41067 29042 69324 44455 50307 75419 40733 96444 64697 91492 48660 94988 89912 3247 29589 54977 97677 2400 18920 50221 71187 18683 82336 16770 30264 65789 8932 29901 17594 92264 97963 24411 92459 46587 64667 50268 43862 46499 30515 85889 86964 72902 13201 84312 21500 87780 20486 7734 81330 17584 30750 956 99507 47959 44903 41067 29042 69324 44455 50307 75419 40733 96444 64697 91492 48660 29888 44211 23815 92839 58542 24905 2300 71675 52613 97254 4492 38361 20067 25581 76986 93225 82835 93801 60730 92099 69448 77704 14453 39064 41598 71654 70751 13678 2974 72410 35580 17244 98724 65445 22546 86920 21568 14444 15545 90531 5464 3148 62938 26976 23923 92089 32498 2639 40754 40121 38928 34358 4757 50693 45152 8276 67651 7096 72215 84172 83270 79080 2683 31720 23348 34931 2351 91859 64553 11271 25945 60389 68409 80153 75813 66046 33259 60486 88215 17265 67645 32127 63485 50588 14071 10958 86294 54052 36801 12172 31768 71868 39462 22254 58897 69763 93599 33401 36814 91719 97521 26517 45771 92609 76381 91867 46399 34102 20894 25155 42693 6304 63678 26956 70002 50957 670 5859 24881 11371 81040 7252 9017 61784 13093 46392 63708 50253 23864 40763 86971 54249 83311 72510 22970 16447 9141 74866 50769 72577 47498 65 33174 36559 8660 57648 549 57724 11476 32894 32568 83027 60210 31672 61206 6242 23012 48655 12942 58715 52890 65021 36099 953 53700 92226 98751 64071 65360 71539 53209 16257 46505 1886 54053 77652 79126 3726 52901 24695 28742 1178 50338 1827 74002 69964 36938 21955 23930 54054 96635 21425 60281 58836 53690 18610 83154 1930 77616 28760 23583 81893 75005 51511 40403 72289 9735 35848 18762 10394 48019 94962 93959 27397 97026 87787 15406 80622 8831 32395 69740 76027 65353 33810 14143 66911 59126 75933 54692 80649 38599 87816 8894 74829 43069 94717 51149 2597 65744 71863 7188 40946 57018 52846 10172 86998 25460 43568 50430 53534 39343 57209 68502 9742 71170 68703 16336 78667 9506 67566 88414 84953 22958 36232 34782 68585 36978 68807 24171 62705 72372 16285 40668 33175 62436 69445 41388 41875 67615 97619 28677 94687 91391 38758 52743 39431 69552 33166 14684 17240 26838 87128 80226 92892 65533 97309 62354 64616 12855 29819 63242 11696 85001 36252 22552 14685 66203 11840 2543 14963 8546 97616 76444 18144 56715 96084 9810 43228 51774 28357 50004 52653 15542 97029 30860 28861 63023 9815 22050 72572 42661 40147 7461 21142 23276 99281 68689 98131 87749 77382 66708 83396 1433 74726 39588 99985 66441 70339 35683 41322 10461 35977 16018 16693 29225 6384 37069 54890 75447 30626 2800 20522 83711 56866 39877 13070 80855 19896 44605 41446 71288 17867 19008 81864 35842 41932 72035 27967 5130 27534 51800 34914 27078 26406 70084 86928 24970 78459 47231 76438 73813 91868 93667 84186 75579 11433 4223 27862 38242 61889 56634 73861 4990 82832 14883 62058 48732 45472 90 26901 90602 37360 85230 5096 63004 67961 63580 27734 54198 40605 32203 84080 32796 75218 19540 56302 56670 33842 71751 18670 44959 77696 78518 94399 44690 51284 68979 82041 75272 77141 91709 46492 49584 78165 95993 2387 72796 39878 98227 46829 95606 89141 23642 29069 86827 67274 62970 61381 28765 6375 54555 54733 95342 59144 5150 57760 41898 42889 38554 84572 5917 90491 17833 31118 39993 16366 27754 11335 25090 81196 63470 99210 75599 94448 27544 37850 92124 17715 58279 47514 54921 24159 94737 67952 84966 7383 24846 96794 59073 17262 87383 20476 93471 73293 30086 87076 23164 20579 65487 19552 60966 2250 9616 34585 71717 73746 1027 89501 36906 68853 57124 56822 35461 74493 49116 99475 51340 21908 11061 76688 13048 87187 95823 70083 58911 41190 75591 46563 31263 56484 20593 56898 6750 32994 1699 71334 59421 17403 96265 82176 35900 83427 71739 29777 59247 27294 14027 21624 14359 28834 80775 47859 37724 13859 20584 78075 98556 92383 86938 4366 62747 27379 7675 12598 28999 73033 16854 88515 6003 21179 81345 24244 66702 50886 17459 40603 80945 323 29309 20746 86266 47174 27781 67381 24717 38854 64259 6163 27959 23234 41072 40927 9127 50841 33928 31403 90583 41439 9283 34530 17961 88011 82845 83147 36495 81080 2407 79157 82894 93863 34634 64006 59934 10663 79003 4996 39223 9015 24653 952 95089 99061 83107 64696 92452 31644 39590 31518 95732 62463 18242 11079 4155 25217 20699 77302 33087 62863 77232 94288 11176 65969 39846 9950 17804 19332 40412 70079 53938 91637 69803 57628 49722 36341 15419 69173 71311 38362 58184 93777 58571 46646 18190 68714 3253 38539 78021 94079 88527 61544 56852 50400 87145 36428 89040 5370 99373 49569 93687 59236 23993 49018 21973 53900 64246 10280 38051 84130 59065 25539 65193 55607 39896 12414 15206 59700 39228 86036 78062 47857 12884 14802 26586 8299 29743 56534 69992 95037 20713 33816 3057 9732 88104 67100 44623 75424 11495 66868 78513 78744 65005 21491 92409 88701 10443 55683 95025 32590 98874 7330 71787 58957 98569 65379 25665 82664 43550 6110 12885 38657 59997 25178 31125 69433 12586 58710 98248 26020 60760 74363 91739 94988 89912 3247 29589 54977 97677 2400 18920 50221 71187 18683 82336 16770 30264 65789 8932 29901 17594 92264 97963 24411 92459 46587 64667 50268 43862 46499 30515 85889 86964 72902 13201 84312 21500 87780 20486 7734 81330 17584 30750 956 99507 47959 44903 41067 29042 69324 44455 50307 75419 40733 96444 64697 91492 48660 29888 44211 23815 92839 58542 24905 2300 71675 52613 97254 4492 38361 20067 25581 76986 93225 82835 93801 60730 92099 69448 77704 14453 39064 41598 71654 70751 13678 2974 72410 35580 17244 98724 65445 22546 86920 21568 14444 15545 90531 5464 3148 62938 26976 23923 92089 32498 2639 40754 40121 38928 34358 4757 50693 45152 8276 67651 7096 72215 84172 83270 79080 2683 31720 23348 34931 2351 91859 64553 11271 25945 60389 68409 80153 75813 66046 33259 60486 88215 17265 67645 32127 63485 50588 14071 10958 86294 54052 36801 12172 31768 71868 39462 22254 58897 69763 93599 33401 36814 91719 97521 26517 45771 92609 76381 91867 46399 34102 20894 25155 42693 6304 63678 26956 70002 50957 670 5859 24881 11371 81040 7252 9017 61784 13093 46392 63708 50253 23864 40763 86971 54249 83311 72510 22970 16447 9141 74866 50769 72577 47498 65 33174 36559 8660 57648 549 57724 11476 32894 32568 83027 60210 31672 61206 6242 23012 48655 12942 58715 52890 65021 36099 953 53700 92226 98751 64071 65360 71539 53209 16257 46505 1886 54053 77652 79126 3726 52901 24695 28742 1178 50338 1827 74002 69964 36938 21955 23930 54054 96635 21425 60281 58836 53690 18610 83154 1930 77616 28760 23583 81893 75005 51511 40403 72289 9735 35848 18762 10394 48019 94962 93959 27397 97026 87787 15406 80622 8831 32395 69740 76027 65353 33810 14143 66911 59126 75933 54692 80649 38599 87816 8894 74829 43069 94717 51149 2597 65744 71863 7188 40946 57018 52846 10172 86998 25460 43568 50430 53534 39343 57209 68502 9742 71170 68703 16336 78667 9506 67566 88414 84953 22958 36232 34782 68585 36978 68807 24171 62705 72372 16285 40668 33175 62436 69445 41388 41875 67615 97619 28677 94687 91391 38758 52743 39431 69552 33166 14684 17240 26838 87128 80226 92892 65533 97309 62354 64616 12855 29819 63242 11696 85001 36252 22552 14685 66203 11840 2543 14963 8546 97616 76444 18144 56715 96084 9810 43228 51774 28357 50004 52653 15542 97029 30860 28861 63023 9815 22050 72572 42661 40147 7461 21142 23276 99281 68689 98131 87749 77382 66708 83396 1433 74726 39588 99985 66441 70339 35683 41322 10461 35977 16018 16693 29225 6384 37069 54890 75447 30626 2800 20522 83711 56866 39877 13070 80855 19896 44605 41446 71288 17867 19008 81864 35842 41932 72035 27967 5130 27534 51800 34914 27078 26406 70084 86928 24970 78459 47231 76438 73813 91868 93667 84186 75579 11433 4223 27862 38242 61889 56634 73861 4990 82832 14883 62058 48732 45472 90 26901 90602 37360 85230 5096 63004 67961 63580 27734 54198 40605 32203 84080 32796 75218 19540 56302 56670 33842 71751 18670 44959 77696 78518 94399 44690 51284 68979 82041 75272 77141 91709 46492 49584 78165 95993 2387 72796 39878 94988 89912 3247 29589 54977 97677 2400 18920 50221 71187 18683 82336 16770 30264 65789 8932 29901 17594 92264 97963 24411 92459 46587 64667 50268 43862 46499 30515 85889 86964 72902 13201 84312 21500 87780 20486 7734 81330 17584 30750 956 99507 47959 44903 41067 29042 69324 44455 50307 75419 40733 96444 64697 91492 48660 29888 44211 23815 92839 58542 24905 2300 71675 52613 97254 4492 38361 20067 25581 76986 93225 82835 93801 60730 92099 69448 77704 14453 39064 41598 71654 70751 13678 2974 72410 35580 17244 98724 65445 22546 86920 21568 14444 15545 90531 5464 3148 62938 26976 23923 92089 32498 2639 40754 40121 38928 34358 4757 50693 45152 8276 67651 7096 72215 84172 83270 79080 2683 31720 23348 34931 2351 91859 64553 11271 25945 60389 68409 80153 75813 66046 33259 60486 88215 17265 67645 32127 63485 50588 14071 10958 86294 54052 36801 12172 31768 71868 39462 22254 58897 69763 93599 33401 36814 91719 97521 26517 45771 92609 76381 91867 46399 34102 20894 25155 42693 6304 63678 26956 70002 50957 670 5859 24881 11371 81040 7252 9017 61784 13093 46392 63708 50253 23864 40763 86971 54249 83311 72510 22970 16447 9141 74866 50769 72577 47498 65 33174 36559 8660 57648 549 57724 11476 32894 32568 83027 60210 31672 61206 6242 23012 48655 12942 58715 52890 65021 36099 953 53700 92226 98751 64071 65360 71539 53209 16257 46505 1886 54053 77652 79126 3726 52901 24695 28742 1178 50338 1827 74002 69964 36938 21955 23930 54054 96635 21425 60281 58836 53690 18610 83154 1930 77616 28760 23583 81893 75005 51511 40403 72289 9735 35848 18762 10394 48019 94962 93959 27397 97026 87787 15406 80622 8831 32395 69740 76027 65353 33810 14143 66911 59126 75933 54692 80649 38599 87816 8894 74829 43069 94717 51149 2597 65744 71863 7188 40946 57018 52846 10172 86998 25460 43568 50430 53534 39343 57209 68502 9742 71170 68703 16336 78667 9506 67566 88414 84953 22958 36232 34782 68585 36978 68807 24171 62705 72372 16285 40668 33175 62436 69445 41388 41875 67615 97619 28677 94687 91391 38758 52743 39431 69552 33166 14684 17240 26838 87128 80226 92892 65533 97309 62354 64616 12855 29819 63242 11696 85001 36252 22552 14685 66203 11840 2543 14963 8546 97616 76444 18144 56715 96084 9810 43228 51774 28357 50004 52653 15542 97029 30860 28861 63023 9815 22050 72572 42661 40147 7461 21142 23276 99281 68689 98131 87749 77382 66708 83396 1433 74726 39588 99985 66441 70339 35683 41322 10461 35977 16018 16693 29225 6384 37069 54890 75447 30626 2800 20522 83711 56866 39877 13070 80855 19896 44605 41446 71288 17867 19008 81864 35842 41932 72035 27967 5130 27534 51800 34914 27078 26406 70084 86928 24970 78459 47231 76438 73813 91868 93667 84186 75579 11433 4223 27862 38242 61889 56634 73861 4990 82832 14883 62058 48732 45472 90 26901 90602 37360 85230 5096 63004 67961 63580 27734 54198 40605 32203 84080 32796 75218 19540 56302 56670 33842 71751 18670 44959 77696 78518 94399 44690 51284 68979 82041 75272 77141 91709 46492 49584 78165 95993 2387 72796 39878 98227 46829 95606 89141 23642 29069 86827 67274 62970 61381 28765 6375 54555 54733 95342 59144 5150 57760 41898 42889 38554 84572 5917 90491 17833 31118 39993 16366 27754 11335 25090 81196 63470 99210 75599 94448 27544 37850 92124 17715 58279 47514 54921 24159 94737 67952 84966 7383 24846 96794 59073 17262 87383 20476 93471 73293 30086 87076 23164 20579 65487 19552 60966 2250 9616 34585 71717 73746 1027 89501 36906 68853 57124 56822 35461 74493 49116 99475 51340 21908 11061 76688 13048 87187 95823 70083 58911 41190 75591 46563 31263 56484 20593 56898 6750 32994 1699 71334 59421 17403 96265 82176 35900 83427 71739 29777 59247 27294 14027 21624 14359 28834 80775 47859 37724 13859 20584 78075 98556 92383 86938 4366 62747 27379 7675 12598 28999 73033 16854 88515 6003 21179 81345 24244 66702 50886 17459 40603 80945 323 29309 20746 86266 47174 27781 67381 24717 38854 64259 6163 27959 23234 41072 40927 9127 50841 33928 31403 90583 41439 9283 34530 17961 88011 82845 83147 36495 81080 2407 79157 82894 93863 34634 64006 59934 10663 79003 4996 39223 9015 24653 952 95089 99061 83107 64696 92452 31644 39590 31518 95732 62463 18242 11079 4155 25217 20699 77302 33087 62863 77232 94288 11176 65969 39846 9950 17804 19332 40412 70079 53938 91637 69803 57628 49722 36341 15419 69173 71311 38362 58184 93777 58571 46646 18190 68714 3253 38539 78021 94079 88527 61544 56852 50400 87145 36428 89040 5370 99373 49569 93687 59236 23993 49018 21973 53900 64246 10280 38051 84130 59065 25539 65193 55607 39896 12414 15206 59700 39228 86036 78062 47857 12884 14802 26586 8299 29743 56534 69992 95037 20713 33816 3057 9732 88104 67100 44623 75424 11495 66868 78513 78744 65005 21491 92409 88701 10443 55683 95025 32590 98874 7330 71787 58957 98569 65379 25665 82664 43550 6110 12885 38657 59997 25178 31125 69433 12586 58710 98248 26020 60760 74363 91739 75181 59868 91025 54273 99073 61193 28590 4352 96773 74707 75988 20245 70450 98687 20793 79020 73529 58889 56572 48287 87856 7395 21011 87808 2409 21948 73016 6026 5201 28591 62993 41054 56848 37574 41614 26328 31913 49551 9968 91915 51521 49816 30672 98528 29524 93270 20512 30154 74994 80479 37651 81674 261 60503 73840 40903 96143 28686 8249 41153 28593 80379 56049 37942 79088 51082 92016 56607 5243 46798 41099 66204 10937 33215 57754 679 30226 51299 34303 98697 2451 34484 46247 29497 83799 64897 45220 86822 91283 64517 67132 3989 73741 29642 59831 6455 68396 83555 70886 80066 10712 86158 8877 15492 28750 58103 7095 32165 99548 55725 99384 51843 6259 86173 58563 94901 18451 94332 7040 66341 69549 23506 92080 37675 59670 22787 95818 89535 83008 93036 59646 9123 13758 26996 24004 87121 28697 73091 49045 70632 81672 66028 64088 95250 5686 95235 33044 20095 60446 60329 37131 92734 56412 7381 58494 34619 62136 34166 28412 37811 55914 79852 31074 27663 77013 42759 99370 90118 5886 
29 24
20784 74075 86821 28421 49417 90096 37515 27010 40204 88351 37727 69937 87251 52091 96253 42465 98320 34455 24262 39188 92416 52782 99150 3288 
30 18
67897 17228 70543 20834 51566 60482 84019 74817 81449 53586 11460 36743 2533 99583 81945 62833 38702 74656 
31 789
84387 42871 48614 32206 72377 49970 9712 54174 8279 17689 77231 45106 68293 96263 43896 76474 67827 43305 96574 27096 40671 62738 7206 4564 32030 59371 28842 76002 23038 95392 4283 84387 42871 48614 32206 72377 49970 9712 54174 8279 17689 77231 45106 68293 96263 43896 76474 67827 43305 96574 27096 40671 62738 7206 4564 32030 59371 28842 76002 23038 95392 4283 51582 88695 41167 97170 51788 45368 80747 67839 91671 39668 85263 54769 17427 54291 75142 16212 30112 64861 77412 68992 41733 3927 11319 91281 5465 13326 93273 20673 56782 50247 6993 2072 94723 38425 86083 53596 84882 18863 57146 39269 27642 65316 99194 9258 5115 49591 92450 15462 66966 98548 52436 13125 25149 5300 90333 3073 667 74420 35723 24234 14938 77824 37846 11884 64744 32304 67412 64281 14176 29152 9338 57844 53494 60629 20213 13387 66236 70837 83268 95144 71698 83916 64162 19875 76962 35468 49181 1673 29740 90116 70468 4848 57461 73230 62714 98364 30174 97151 41605 66133 74050 50976 89622 68764 64648 37859 7410 92055 840 81539 66865 12338 20378 98968 12968 46196 69703 70748 57379 98858 9916 98443 37972 55306 86881 61237 26400 23347 61432 81649 57437 18279 51736 76004 76059 24743 4819 66307 28585 61919 67201 36995 73290 4092 32645 16208 37725 24739 15108 29921 91629 60550 80432 97463 54494 63499 78880 84387 42871 48614 32206 72377 49970 9712 54174 8279 17689 77231 45106 68293 96263 43896 76474 67827 43305 96574 27096 40671 62738 7206 4564 32030 59371 28842 76002 23038 95392 4283 51582 88695 41167 97170 51788 45368 80747 67839 91671 39668 85263 54769 17427 54291 75142 16212 30112 64861 77412 68992 41733 3927 11319 91281 5465 13326 93273 20673 56782 50247 6993 2072 94723 38425 86083 53596 84882 18863 57146 39269 27642 65316 99194 9258 5115 49591 92450 15462 66966 98548 52436 13125 25149 5300 90333 3073 667 74420 35723 24234 14938 77824 37846 11884 64744 32304 67412 64281 14176 29152 9338 57844 53494 60629 20213 13387 66236 70837 83268 95144 71698 83916 64162 19875 76962 35468 49181 1673 29740 90116 70468 4848 57461 73230 62714 98364 30174 97151 41605 66133 74050 50976 89622 68764 64648 37859 7410 92055 840 81539 66865 12338 20378 98968 12968 46196 69703 70748 57379 98858 9916 98443 37972 55306 86881 61237 26400 23347 61432 81649 57437 18279 51736 76004 76059 24743 4819 66307 28585 61919 67201 36995 73290 4092 32645 16208 37725 24739 15108 29921 91629 60550 80432 97463 54494 63499 78880 78075 62218 75222 11716 99349 60450 79949 12027 20828 63357 44810 16785 94972 12457 59084 35343 44094 30081 34411 80979 12832 6819 2993 30970 75624 45720 22459 96981 1973 23144 61564 19061 15387 14929 98359 36745 45582 72543 69835 66834 33008 68559 23624 58127 16616 23245 33381 24381 61433 22150 12333 35186 36762 23736 3389 99912 14914 9216 88733 93158 78132 63397 55534 48871 66204 58445 96134 18008 98496 38881 88653 71139 79141 98493 93383 9291 93981 83448 30060 2841 72407 65932 65967 28241 12646 93830 91039 21781 20095 45857 38719 77822 64453 61324 8104 89412 5077 84387 42871 48614 32206 72377 49970 9712 54174 8279 17689 77231 45106 68293 96263 43896 76474 67827 43305 96574 27096 40671 62738 7206 4564 32030 59371 28842 76002 23038 95392 4283 51582 88695 41167 97170 51788 45368 80747 67839 91671 39668 85263 54769 17427 54291 75142 16212 30112 64861 77412 68992 41733 3927 11319 91281 5465 13326 93273 20673 56782 50247 6993 2072 94723 38425 86083 53596 84882 18863 57146 39269 27642 65316 99194 9258 5115 49591 92450 15462 66966 98548 52436 13125 25149 5300 90333 3073 667 74420 35723 24234 14938 77824 37846 11884 64744 32304 67412 64281 14176 29152 9338 57844 53494 60629 20213 13387 66236 70837 83268 95144 71698 83916 64162 19875 76962 35468 49181 1673 29740 90116 70468 4848 57461 73230 62714 98364 30174 97151 41605 66133 74050 50976 89622 68764 64648 37859 7410 92055 840 81539 66865 12338 20378 98968 12968 46196 69703 70748 57379 98858 9916 98443 37972 55306 86881 61237 26400 23347 61432 81649 57437 18279 51736 76004 76059 24743 4819 66307 28585 61919 67201 36995 73290 4092 32645 16208 37725 24739 15108 29921 91629 60550 80432 97463 54494 63499 78880 78075 62218 75222 11716 99349 60450 79949 12027 20828 63357 44810 16785 94972 12457 59084 35343 44094 30081 34411 80979 12832 6819 2993 30970 75624 45720 22459 96981 1973 23144 61564 19061 15387 14929 98359 36745 45582 72543 69835 66834 33008 68559 23624 58127 16616 23245 33381 24381 61433 22150 12333 35186 36762 23736 3389 99912 14914 9216 88733 93158 78132 63397 55534 48871 66204 58445 96134 18008 98496 38881 88653 71139 79141 98493 93383 9291 93981 83448 30060 2841 72407 65932 65967 28241 12646 93830 91039 21781 20095 45857 38719 77822 64453 61324 8104 89412 5077 
32 178
50311 84623 30094 74031 46499 28638 53781 13621 85411 89805 55932 74624 35495 91126 52102 86473 45394 40315 15943 33623 10661 88279 24047 58363 92837 95726 25900 50311 84623 30094 74031 46499 28638 53781 13621 85411 89805 55932 74624 35495 91126 52102 86473 45394 40315 15943 33623 10661 88279 24047 58363 92837 95726 25900 58108 90386 45812 12820 86275 26396 50311 84623 30094 74031 46499 28638 53781 13621 85411 89805 55932 74624 35495 91126 52102 86473 45394 40315 15943 33623 10661 88279 24047 58363 92837 95726 25900 58108 90386 45812 12820 86275 26396 58596 86271 32000 10024 39543 94847 87268 29198 73981 98532 58181 17047 68538 4046 77228 51795 1485 58462 29124 15095 27826 4383 72183 24996 54186 82110 45291 70910 11614 45276 51941 74837 54297 66250 87868 19600 49772 3613 83426 12063 17741 72452 92549 92984 45865 49115 17676 99014 70861 65141 91206 61108 4125 83645 38853 82664 51669 24130 15813 5119 88542 34240 13769 97894 67801 62099 28157 13236 97200 80139 8249 11771 45088 2893 76586 59518 70913 56719 93255 3392 52761 33421 78556 53449 52418 
33 1171
27073 8608 27785 12405 24606 30964 1667 81419 39007 99583 74466 37500 52338 97919 60906 94172 79483 60949 45142 27073 8608 27785 12405 24606 30964 1667 81419 39007 99583 74466 37500 52338 97919 60906 94172 79483 60949 45142 2789 62477 48933 73556 59098 47747 18116 87833 77422 42774 57751 18857 73678 90171 4918 73543 33564 64756 38361 65713 19530 17510 58013 46213 23233 45721 77056 61212 10950 46085 79203 86995 1537 77762 26694 41082 41507 67901 92278 74106 82649 48393 10803 36627 92475 99223 38945 72038 61418 26553 9723 28488 77257 77074 96142 54987 88888 27269 68675 83011 14449 85155 97775 38975 8072 23633 22509 80684 18183 67596 48476 79784 20955 32454 52835 34138 2557 55948 10764 36538 89146 84574 14000 47935 84140 6919 92195 7182 61946 37582 39734 38895 8770 57017 21526 20679 27583 23012 16233 89557 71374 50881 35226 32160 56507 99543 14891 94191 77855 17756 59208 42020 13268 73468 98398 14397 84102 67345 53253 23396 75105 19893 73325 40774 46263 17729 9783 43791 32198 47402 6439 38731 19103 64905 85414 90205 80759 55427 25482 82863 35141 30688 24854 77820 63132 33133 94341 51088 28089 8111 69898 1419 38033 96513 88272 13387 7218 94087 81964 61484 42770 63685 85291 7516 99428 8951 94834 3557 88046 96903 92238 8776 21075 61347 18676 15972 26623 65825 39266 14056 11403 40556 53149 14344 41707 7527 96677 42661 3997 23090 7071 70385 71347 5618 10778 27014 64383 15674 10836 9985 1006 65093 62374 95099 71921 79481 47849 49799 67757 34809 39699 50978 65094 4808 51277 60027 91455 51954 62426 48693 43150 89416 80969 34980 98021 17033 53509 13450 16331 45901 95691 90248 9031 22655 97640 29076 54235 35285 29203 52962 78175 39693 84563 24455 66422 46518 35254 83631 12987 96695 55129 57790 74727 18700 30981 86550 51941 4002 35166 61436 67583 99796 38586 36893 94318 36063 92249 23177 50597 84720 67611 89452 16100 48790 79690 43651 85129 46840 45094 69986 98391 58632 24441 23107 32757 83487 24170 11053 10692 74447 756 83587 42168 64873 81808 65605 30409 42734 69426 62733 86162 96105 16888 98450 53725 34287 66835 86887 64930 88609 88482 47383 84536 56142 64095 38878 27584 1047 75724 98101 27374 68841 60842 45352 70439 28459 98200 56909 98897 29355 95469 3220 5248 7086 75175 83277 15527 34634 79641 29199 66408 59470 34726 64696 39036 47057 64832 24661 94744 55093 67065 53834 14701 51829 12322 24334 41619 34124 39466 9570 45119 97887 67974 27183 40408 28528 13886 37637 63852 2227 46891 61471 64669 45167 51121 88752 12889 88525 16279 35027 73395 72242 9205 64275 96360 89409 45915 26951 88916 92832 14865 31239 647 40492 19696 21577 98109 10604 44405 5123 18869 96440 36310 44537 89824 83685 21349 42239 32281 92666 41178 26392 90724 84743 19816 79324 43053 69475 87344 28710 69840 37574 7753 99587 86012 69618 2875 40472 74253 62407 69180 9839 70255 1828 66169 80921 15680 27073 8608 27785 12405 24606 30964 1667 81419 39007 99583 74466 37500 52338 97919 60906 94172 79483 60949 45142 2789 62477 48933 73556 59098 47747 18116 87833 77422 42774 57751 18857 73678 90171 4918 73543 33564 64756 38361 65713 19530 17510 58013 46213 23233 45721 77056 61212 10950 46085 79203 86995 1537 77762 26694 41082 41507 67901 92278 74106 82649 48393 10803 36627 92475 99223 38945 72038 61418 26553 9723 28488 77257 77074 96142 54987 88888 27269 68675 83011 14449 85155 97775 38975 8072 23633 22509 80684 18183 67596 48476 79784 20955 32454 52835 34138 2557 55948 10764 36538 89146 84574 14000 47935 84140 6919 92195 7182 61946 37582 39734 38895 8770 57017 21526 20679 27583 23012 16233 89557 71374 50881 35226 32160 56507 99543 14891 94191 77855 17756 59208 42020 13268 73468 98398 14397 84102 67345 53253 23396 75105 19893 73325 40774 46263 17729 9783 43791 32198 47402 6439 38731 19103 64905 85414 90205 80759 55427 25482 82863 35141 30688 24854 77820 63132 33133 94341 51088 28089 8111 69898 1419 38033 96513 88272 13387 7218 94087 81964 61484 27073 8608 27785 12405 24606 30964 1667 81419 39007 99583 74466 37500 52338 97919 60906 94172 79483 60949 45142 2789 62477 48933 73556 59098 47747 18116 87833 77422 42774 57751 18857 73678 90171 4918 73543 33564 64756 38361 65713 19530 17510 58013 46213 23233 45721 77056 61212 10950 46085 79203 86995 1537 77762 26694 41082 41507 67901 92278 74106 82649 48393 10803 36627 92475 99223 38945 72038 61418 26553 9723 28488 77257 77074 96142 54987 88888 27269 68675 83011 14449 85155 97775 38975 8072 23633 22509 80684 18183 67596 48476 79784 20955 32454 52835 34138 2557 55948 10764 36538 89146 84574 14000 47935 84140 6919 92195 7182 61946 37582 39734 38895 8770 57017 21526 20679 27583 23012 16233 89557 71374 50881 35226 32160 56507 99543 14891 94191 77855 17756 59208 42020 13268 73468 98398 14397 84102 67345 53253 23396 75105 19893 73325 40774 46263 17729 9783 43791 32198 47402 6439 38731 19103 64905 85414 90205 80759 55427 25482 82863 35141 30688 24854 77820 63132 33133 94341 51088 28089 8111 69898 1419 38033 96513 88272 13387 7218 94087 81964 61484 42770 63685 85291 7516 99428 8951 94834 3557 88046 96903 92238 8776 21075 61347 18676 15972 26623 65825 39266 14056 11403 40556 53149 14344 41707 7527 96677 42661 3997 23090 7071 70385 71347 5618 10778 27014 64383 15674 10836 9985 1006 65093 62374 95099 71921 79481 47849 49799 67757 34809 39699 50978 65094 4808 51277 60027 91455 51954 62426 48693 43150 89416 80969 34980 98021 17033 53509 13450 16331 45901 95691 90248 9031 22655 97640 29076 54235 35285 29203 52962 78175 39693 84563 24455 66422 46518 35254 83631 12987 96695 55129 57790 74727 18700 30981 86550 51941 4002 35166 61436 67583 99796 38586 36893 94318 36063 92249 23177 50597 84720 67611 89452 16100 48790 79690 43651 85129 46840 45094 69986 98391 58632 24441 23107 32757 83487 24170 11053 10692 74447 756 83587 42168 64873 81808 65605 30409 42734 69426 62733 86162 96105 16888 98450 53725 34287 66835 86887 64930 88609 88482 47383 84536 56142 64095 38878 27584 1047 75724 98101 27374 68841 60842 45352 70439 28459 98200 56909 98897 29355 95469 3220 5248 7086 75175 83277 15527 34634 79641 29199 66408 59470 34726 64696 39036 47057 64832 24661 94744 55093 67065 53834 14701 51829 12322 24334 41619 34124 39466 9570 45119 97887 67974 27183 40408 28528 13886 37637 63852 2227 46891 61471 64669 45167 51121 88752 12889 88525 16279 35027 73395 72242 9205 64275 96360 89409 45915 26951 88916 92832 14865 31239 647 40492 19696 21577 98109 10604 44405 5123 18869 96440 36310 44537 89824 83685 21349 42239 32281 92666 41178 26392 90724 84743 19816 79324 43053 69475 87344 28710 69840 37574 7753 99587 86012 69618 2875 40472 74253 62407 69180 9839 70255 1828 66169 80921 15680 14907 42452 27536 4 609 48751 58139 38773 95372 60925 52405 14808 22194 70043 73375 18193 55281 61523 93361 28239 62820 78159 82852 59242 99774 40299 34326 15657 68286 70644 3261 20617 89106 58257 34451 60459 4994 97731 14581 87689 81993 66439 69779 37700 59681 55860 79606 79252 8541 66318 33311 88359 32300 59865 46193 86687 25277 3074 82049 23159 93713 
34 0

35 623
49970 42403 91112 80315 42865 62469 31696 72305 19912 1972 53825 44833 19130 50071 32176 19119 68376 47182 14827 75236 66343 14954 74035 24428 62415 69441 97960 73247 44867 4642 39298 10893 95597 40740 33482 22156 88650 25809 11038 72948 98788 82826 40463 12098 1504 21930 77261 68744 86411 81156 26692 85241 49150 71437 74478 1695 23319 33609 65000 64846 74313 39504 41955 13207 58499 70513 52141 23154 35369 50899 11812 11035 66865 85014 17586 65631 24859 92482 30742 3792 48258 96389 12390 86498 12403 92162 49004 17222 23162 55915 35997 20289 76150 82515 80444 22137 43819 16933 46530 71185 27275 97769 8866 98526 5020 73783 17346 49840 27596 27728 783 39643 47788 91541 31991 4604 12457 33053 9151 70155 96560 3948 63277 57339 49715 19075 64478 10679 83786 66386 62548 15369 28916 59071 85992 53802 90093 56160 5751 87576 2212 25206 94150 33 64469 82161 89304 41293 63967 76351 89039 16542 56862 64306 73844 95286 14067 33899 13538 48743 10705 19155 49970 42403 91112 80315 42865 62469 31696 72305 19912 1972 53825 44833 19130 50071 32176 19119 68376 49970 42403 91112 80315 42865 62469 31696 72305 19912 1972 53825 44833 19130 50071 32176 19119 68376 47182 14827 75236 66343 14954 74035 24428 62415 69441 97960 73247 44867 4642 39298 10893 95597 40740 33482 22156 88650 25809 11038 72948 98788 82826 40463 12098 1504 21930 77261 68744 86411 81156 26692 85241 49150 71437 74478 1695 23319 33609 65000 64846 74313 39504 41955 13207 58499 70513 52141 23154 35369 50899 11812 11035 66865 85014 17586 65631 24859 92482 30742 3792 48258 96389 12390 86498 12403 92162 49004 17222 23162 55915 35997 20289 76150 82515 80444 22137 43819 16933 46530 71185 27275 97769 8866 98526 5020 73783 17346 49840 27596 27728 783 39643 47788 91541 49970 42403 91112 80315 42865 62469 31696 72305 19912 1972 53825 44833 19130 50071 32176 19119 68376 47182 14827 75236 66343 14954 74035 24428 62415 69441 97960 73247 44867 4642 39298 10893 95597 40740 33482 22156 88650 25809 11038 72948 98788 82826 40463 12098 1504 21930 77261 68744 86411 81156 26692 85241 49150 71437 74478 1695 23319 33609 65000 64846 74313 39504 41955 13207 58499 70513 52141 23154 35369 50899 11812 11035 66865 85014 17586 65631 24859 92482 30742 3792 48258 96389 12390 86498 12403 92162 49004 17222 23162 55915 35997 20289 76150 82515 80444 22137 43819 16933 46530 71185 27275 97769 8866 98526 5020 73783 17346 49840 27596 27728 783 39643 47788 91541 31991 4604 12457 33053 9151 70155 96560 3948 63277 57339 49715 19075 64478 10679 83786 66386 62548 15369 28916 59071 85992 53802 90093 56160 5751 87576 2212 25206 94150 33 64469 82161 89304 41293 63967 76351 89039 16542 56862 64306 73844 95286 14067 33899 13538 48743 10705 49970 42403 91112 80315 42865 62469 31696 72305 19912 1972 53825 44833 19130 50071 32176 19119 68376 47182 14827 75236 66343 14954 74035 24428 62415 69441 97960 73247 44867 4642 39298 10893 95597 40740 33482 22156 88650 25809 11038 72948 98788 82826 40463 12098 1504 21930 77261 68744 86411 81156 26692 85241 49150 71437 74478 1695 23319 33609 65000 64846 74313 39504 41955 13207 58499 70513 52141 23154 35369 50899 11812 11035 66865 85014 17586 65631 24859 92482 30742 3792 48258 96389 12390 86498 12403 92162 49004 17222 23162 55915 35997 20289 76150 82515 80444 22137 43819 16933 46530 71185 27275 97769 8866 98526 5020 73783 17346 49840 27596 27728 783 39643 47788 91541 31991 4604 12457 33053 9151 70155 96560 3948 63277 57339 49715 19075 64478 10679 83786 66386 62548 15369 28916 59071 85992 53802 90093 56160 5751 87576 2212 25206 94150 33 64469 82161 89304 41293 63967 76351 89039 16542 56862 64306 73844 95286 14067 33899 13538 48743 10705 19155 30267 85195 91438 60777 46288 93716 64586 
